5.000000000000000E-02 1.049600686250488E-02
5.995995995995997E-02 1.283652309815631E-02
6.991991991991992E-02 1.498043049890055E-02
7.987987987987988E-02 1.701946183072437E-02
8.983983983983984E-02 1.902683154185177E-02
9.979979979979980E-02 2.104514731143533E-02
1.097597597597598E-01 2.308551012289692E-02
1.197197197197197E-01 2.513446577856390E-02
1.296796796796797E-01 2.717737184337956E-02
1.396396396396397E-01 2.920852949707475E-02
1.495995995995996E-01 3.122784795418427E-02
1.595595595595596E-01 3.323775771158594E-02
1.695195195195195E-01 3.524084199897268E-02
1.794794794794795E-01 3.723824390002167E-02
1.894394394394394E-01 3.922977093727546E-02
1.993993993993994E-01 4.121469132720688E-02
2.093593593593593E-01 4.319215262351717E-02
2.193193193193193E-01 4.516141172031118E-02
2.292792792792793E-01 4.712204371419886E-02
2.392392392392392E-01 4.907456376683722E-02
2.491991991991992E-01 5.101956855750687E-02
2.591591591591592E-01 5.295729894966722E-02
2.691191191191191E-01 5.488772575097050E-02
2.790790790790791E-01 5.681062289387550E-02
2.890390390390390E-01 5.872583740290506E-02
2.989989989989990E-01 6.063356387514868E-02
3.089589589589589E-01 6.253394027990999E-02
3.189189189189189E-01 6.442703688997489E-02
3.288788788788788E-01 6.631282845871286E-02
3.388388388388388E-01 6.819123345985853E-02
3.487987987987988E-01 7.006231020924941E-02
3.587587587587587E-01 7.192617841710520E-02
3.687187187187187E-01 7.378291267020971E-02
3.786786786786787E-01 7.563251441364199E-02
3.886386386386386E-01 7.747495119420100E-02
3.985985985985986E-01 7.931020156680313E-02
4.085585585585585E-01 8.113837283799823E-02
4.185185185185185E-01 8.295956088173216E-02
4.284784784784785E-01 8.477381096834938E-02
4.384384384384384E-01 8.658115137593538E-02
4.483983983983984E-01 8.838157186431560E-02
4.583583583583583E-01 9.017508310070702E-02
4.683183183183183E-01 9.196171313864974E-02
4.782782782782782E-01 9.374145090017887E-02
4.882382382382382E-01 9.551427395564280E-02
4.981981981981982E-01 9.728013160826636E-02
5.081581581581581E-01 9.903905708639910E-02
5.181181181181181E-01 1.007913412640386E-01
5.280780780780781E-01 1.025373083640352E-01
5.380380380380381E-01 1.042772598619580E-01
5.479979979979980E-01 1.060114968281485E-01
5.579579579579580E-01 1.077402415114276E-01
5.679179179179179E-01 1.094630988623842E-01
5.778778778778779E-01 1.111792136507105E-01
5.878378378378378E-01 1.128876741009625E-01
5.977977977977978E-01 1.145875791377951E-01
6.077577577577578E-01 1.162780384954595E-01
6.177177177177178E-01 1.179589688511726E-01
6.276776776776777E-01 1.196333256225818E-01
6.376376376376377E-01 1.213046692812435E-01
6.475975975975976E-01 1.229765261941871E-01
6.575575575575576E-01 1.246523549355878E-01
6.675175175175175E-01 1.263352663318881E-01
6.774774774774776E-01 1.280205326041652E-01
6.874374374374375E-01 1.296955760656493E-01
6.973973973973974E-01 1.313476285743658E-01
7.073573573573574E-01 1.329640224619497E-01
7.173173173173173E-01 1.345322580198232E-01
7.272772772772773E-01 1.360485938714047E-01
7.372372372372372E-01 1.375494488595778E-01
7.471971971971972E-01 1.390824001574072E-01
7.571571571571571E-01 1.406944753230551E-01
7.671171171171172E-01 1.424321184800316E-01
7.770770770770771E-01 1.443386894949446E-01
7.870370370370371E-01 1.463642293111354E-01
7.969969969969970E-01 1.483410003772306E-01
8.069569569569570E-01 1.500956688916774E-01
8.169169169169169E-01 1.514570764257880E-01
8.268768768768769E-01 1.522562962168185E-01
8.368368368368369E-01 1.536583955363774E-01
8.467967967967969E-01 1.552211750733298E-01
8.567567567567568E-01 1.567789037256500E-01
8.667167167167167E-01 1.583316054124704E-01
8.766766766766767E-01 1.598792812727665E-01
8.866366366366366E-01 1.614219773049257E-01
8.965965965965966E-01 1.629597726261573E-01
9.065565565565565E-01 1.644927748288535E-01
9.165165165165166E-01 1.660211708854674E-01
9.264764764764765E-01 1.675450569107060E-01
9.364364364364365E-01 1.690645962207112E-01
9.463963963963964E-01 1.705798941298620E-01
9.563563563563564E-01 1.720910782069904E-01
9.663163163163163E-01 1.735982520141600E-01
9.762762762762763E-01 1.751015185001210E-01
9.862362362362362E-01 1.766009569573127E-01
9.961961961961963E-01 1.780966794465421E-01
1.006156156156156E+00 1.795887525559368E-01
1.016116116116116E+00 1.810772640766893E-01
1.026076076076076E+00 1.825622674545326E-01
1.036036036036036E+00 1.840438489035631E-01
1.045995995995996E+00 1.855220599419566E-01
1.055955955955956E+00 1.869969626018287E-01
1.065915915915916E+00 1.884686069995399E-01
1.075875875875876E+00 1.899370425504399E-01
1.085835835835836E+00 1.914023169174506E-01
1.095795795795796E+00 1.928644784646789E-01
1.105755755755756E+00 1.943235517244224E-01
1.115715715715716E+00 1.957796069653839E-01
1.125675675675676E+00 1.972327204129003E-01
1.135635635635636E+00 1.986829935262918E-01
1.145595595595596E+00 2.001304834311204E-01
1.155555555555556E+00 2.015752945655184E-01
1.165515515515515E+00 2.030175110408243E-01
1.175475475475475E+00 2.044572406247831E-01
1.185435435435436E+00 2.058945711087590E-01
1.195395395395395E+00 2.073295908097826E-01
1.205355355355355E+00 2.087623910236871E-01
1.215315315315315E+00 2.101930639223616E-01
1.225275275275275E+00 2.116217037804331E-01
1.235235235235235E+00 2.130484052229830E-01
1.245195195195195E+00 2.144732656788213E-01
1.255155155155155E+00 2.158963811749884E-01
1.265115115115115E+00 2.173178070848399E-01
1.275075075075075E+00 2.187376853463205E-01
1.285035035035035E+00 2.201560720337426E-01
1.294994994994995E+00 2.215730659780043E-01
1.304954954954955E+00 2.229887667109202E-01
1.314914914914915E+00 2.244032275030289E-01
1.324874874874875E+00 2.258165471851258E-01
1.334834834834835E+00 2.272288130226661E-01
1.344794794794795E+00 2.286400428892251E-01
1.354754754754755E+00 2.300502627190023E-01
1.364714714714715E+00 2.314595170207485E-01
1.374674674674675E+00 2.328678029906359E-01
1.384634634634635E+00 2.342751588292066E-01
1.394594594594595E+00 2.356815989055684E-01
1.404554554554555E+00 2.370871144583059E-01
1.414514514514515E+00 2.384917370293913E-01
1.424474474474474E+00 2.398954561050547E-01
1.434434434434434E+00 2.412982857038427E-01
1.444394394394394E+00 2.427002643766878E-01
1.454354354354354E+00 2.441013451613101E-01
1.464314314314314E+00 2.455015939447711E-01
1.474274274274274E+00 2.469010170353104E-01
1.484234234234234E+00 2.482996431709419E-01
1.494194194194194E+00 2.496974849684084E-01
1.504154154154154E+00 2.510945585491484E-01
1.514114114114114E+00 2.524909319033018E-01
1.524074074074074E+00 2.538866085353285E-01
1.534034034034034E+00 2.552816438183720E-01
1.543993993993994E+00 2.566760966305346E-01
1.553953953953954E+00 2.580699858968629E-01
1.563913913913914E+00 2.594633599813652E-01
1.573873873873874E+00 2.608562125756924E-01
1.583833833833834E+00 2.622485576983977E-01
1.593793793793794E+00 2.636404331995745E-01
1.603753753753754E+00 2.650318117430442E-01
1.613713713713714E+00 2.664227080482875E-01
1.623673673673674E+00 2.678131816941552E-01
1.633633633633634E+00 2.692031801110730E-01
1.643593593593594E+00 2.705927369435686E-01
1.653553553553553E+00 2.719818409767992E-01
1.663513513513514E+00 2.733705230515818E-01
1.673473473473474E+00 2.747587453178230E-01
1.683433433433433E+00 2.761465330089183E-01
1.693393393393393E+00 2.775338412654980E-01
1.703353353353353E+00 2.789206939191022E-01
1.713313313313313E+00 2.803070629326248E-01
1.723273273273273E+00 2.816929174652488E-01
1.733233233233233E+00 2.830782463021320E-01
1.743193193193193E+00 2.844630410321424E-01
1.753153153153153E+00 2.858472343662252E-01
1.763113113113113E+00 2.872308122858273E-01
1.773073073073073E+00 2.886137467538424E-01
1.783033033033033E+00 2.899959087995823E-01
1.792992992992993E+00 2.913772087043071E-01
1.802952952952953E+00 2.927574572175500E-01
1.812912912912913E+00 2.941365590131501E-01
1.822872872872873E+00 2.955143472703254E-01
1.832832832832833E+00 2.968907140462174E-01
1.842792792792793E+00 2.982655065385972E-01
1.852752752752753E+00 2.996386041879083E-01
1.862712712712713E+00 3.010098387715135E-01
1.872672672672673E+00 3.023791345892263E-01
1.882632632632633E+00 3.037463304276860E-01
1.892592592592593E+00 3.051112931106382E-01
1.902552552552553E+00 3.064739413304751E-01
1.912512512512512E+00 3.078341615369166E-01
1.922472472472472E+00 3.091918527963804E-01
1.932432432432432E+00 3.105469323994033E-01
1.942392392392392E+00 3.118993274495093E-01
1.952352352352352E+00 3.132489089760099E-01
1.962312312312312E+00 3.145956545492201E-01
1.972272272272272E+00 3.159394730485448E-01
1.982232232232232E+00 3.172802859700868E-01
1.992192192192192E+00 3.186180736878717E-01
2.002152152152152E+00 3.199527352683172E-01
2.012112112112112E+00 3.212841837963943E-01
2.022072072072072E+00 3.226123211422312E-01
2.032032032032032E+00 3.239370688019307E-01
2.041991991991992E+00 3.252583006085148E-01
2.051951951951952E+00 3.265759128246908E-01
2.061911911911912E+00 3.278898101242977E-01
2.071871871871872E+00 3.291998579292257E-01
2.081831831831832E+00 3.305059553058926E-01
2.091791791791791E+00 3.318079592650568E-01
2.101751751751752E+00 3.331057268174769E-01
2.111711711711711E+00 3.343991317961750E-01
2.121671671671671E+00 3.356880228007777E-01
2.131631631631631E+00 3.369722624494647E-01
2.141591591591591E+00 3.382517133604158E-01
2.151551551551551E+00 3.395261848813089E-01
2.161511511511511E+00 3.407955256117706E-01
2.171471471471471E+00 3.420595589180319E-01
2.181431431431431E+00 3.433181109700347E-01
2.191391391391391E+00 3.445710387785371E-01
2.201351351351351E+00 3.458181348689537E-01
2.211311311311311E+00 3.470592170000941E-01
2.221271271271271E+00 3.482941421827168E-01
2.231231231231231E+00 3.495228178943715E-01
2.241191191191191E+00 3.507451151643696E-01
2.251151151151151E+00 3.519609807222096E-01
2.261111111111111E+00 3.531702855972028E-01
2.271071071071071E+00 3.543729849299794E-01
2.281031031031031E+00 3.555689609646935E-01
2.290990990990991E+00 3.567581548234220E-01
2.300950950950951E+00 3.579404964133996E-01
2.310910910910910E+00 3.591158848010439E-01
2.320870870870871E+00 3.602842863418276E-01
2.330830830830831E+00 3.614456001021683E-01
2.340790790790790E+00 3.625998008486706E-01
2.350750750750751E+00 3.637467708254883E-01
2.360710710710710E+00 3.648865016214898E-01
2.370670670670671E+00 3.660188923030926E-01
2.380630630630630E+00 3.671439260480333E-01
2.390590590590590E+00 3.682615187449931E-01
2.400550550550550E+00 3.693716563754190E-01
2.410510510510510E+00 3.704742295945969E-01
2.420470470470470E+00 3.715692412062374E-01
2.430430430430430E+00 3.726565790619157E-01
2.440390390390390E+00 3.737362095171045E-01
2.450350350350350E+00 3.748081521977780E-01
2.460310310310310E+00 3.758724071039363E-01
2.470270270270270E+00 3.769289686281582E-01
2.480230230230230E+00 3.779778592001285E-01
2.490190190190190E+00 3.790190395678987E-01
2.500150150150150E+00 3.800525573945492E-01
2.510110110110110E+00 3.810783425873146E-01
2.520070070070070E+00 3.820964203795904E-01
2.530030030030030E+00 3.831067234823218E-01
2.539989989989990E+00 3.841092406806664E-01
2.549949949949950E+00 3.851039299189649E-01
2.559909909909910E+00 3.860907659638216E-01
2.569869869869870E+00 3.870696927410242E-01
2.579829829829829E+00 3.880406569800711E-01
2.589789789789790E+00 3.890035941956179E-01
2.599749749749749E+00 3.899584931728222E-01
2.609709709709709E+00 3.909052501743911E-01
2.619669669669670E+00 3.918438035186910E-01
2.629629629629629E+00 3.927740915240884E-01
2.639589589589589E+00 3.936960412941071E-01
2.649549549549549E+00 3.946095967545347E-01
2.659509509509509E+00 3.955146681866316E-01
2.669469469469469E+00 3.964112443755551E-01
2.679429429429429E+00 3.972993309287267E-01
2.689389389389389E+00 3.981788998090399E-01
2.699349349349349E+00 3.990499678387587E-01
2.709309309309309E+00 3.999125518401467E-01
2.719269269269269E+00 4.007666518132039E-01
2.729229229229229E+00 4.016122565430878E-01
2.739189189189189E+00 4.024493996743257E-01
2.749149149149149E+00 4.032780643846542E-01
2.759109109109109E+00 4.040983011408642E-01
2.769069069069069E+00 4.049101043355345E-01
2.779029029029029E+00 4.057135076131926E-01
2.788988988988989E+00 4.065085614406295E-01
2.798948948948949E+00 4.072952658178453E-01
2.808908908908909E+00 4.080736768190523E-01
2.818868868868869E+00 4.088438224813568E-01
2.828828828828828E+00 4.096057700938134E-01
2.838788788788789E+00 4.103595701232135E-01
2.848748748748748E+00 4.111052730363481E-01
2.858708708708709E+00 4.118429741593782E-01
2.868668668668668E+00 4.125727015294100E-01
2.878628628628628E+00 4.132945897245533E-01
2.888588588588588E+00 4.140087340709689E-01
2.898548548548548E+00 4.147153140061365E-01
2.908508508508508E+00 4.154144921452719E-01
2.918468468468468E+00 4.161064311035910E-01
2.928428428428428E+00 4.167912710666247E-01
2.938388388388388E+00 4.174691466124827E-01
2.948348348348348E+00 4.181402091415384E-01
2.958308308308308E+00 4.188045932319014E-01
2.968268268268268E+00 4.194623886023115E-01
2.978228228228228E+00 4.201136849715085E-01
2.988188188188188E+00 4.207586505621296E-01
2.998148148148148E+00 4.213972853741746E-01
3.008108108108108E+00 4.220297295931746E-01
3.018068068068068E+00 4.226560112562357E-01
3.028028028028028E+00 4.232762088672551E-01
3.037987987987988E+00 4.238903504633392E-01
3.047947947947948E+00 4.244984865112790E-01
3.057907907907908E+00 4.251006114036532E-01
3.067867867867867E+00 4.256967756072531E-01
3.077827827827828E+00 4.262869566923936E-01
3.087787787787788E+00 4.268711658739173E-01
3.097747747747747E+00 4.274494199740879E-01
3.107707707707708E+00 4.280216517038504E-01
3.117667667667667E+00 4.285878891003111E-01
3.127627627627627E+00 4.291481321634700E-01
3.137587587587587E+00 4.297023696784846E-01
3.147547547547547E+00 4.302506577195674E-01
3.157507507507507E+00 4.307930187164032E-01
3.167467467467467E+00 4.313294863135193E-01
3.177427427427427E+00 4.318601053702859E-01
3.187387387387387E+00 4.323849768202850E-01
3.197347347347347E+00 4.329041174857804E-01
3.207307307307307E+00 4.334176731597243E-01
3.217267267267267E+00 4.339257167385928E-01
3.227227227227227E+00 4.344283042965981E-01
3.237187187187187E+00 4.349256152712199E-01
3.247147147147147E+00 4.354177169515130E-01
3.257107107107107E+00 4.359047046636385E-01
3.267067067067067E+00 4.363867410228121E-01
3.277027027027027E+00 4.368639325700374E-01
3.286986986986987E+00 4.373364026685815E-01
3.296946946946947E+00 4.378042634668692E-01
3.306906906906907E+00 4.382676663652739E-01
3.316866866866866E+00 4.387267122973779E-01
3.326826826826827E+00 4.391814741596572E-01
3.336786786786786E+00 4.396319631669544E-01
3.346746746746747E+00 4.400782129637967E-01
3.356706706706706E+00 4.405202684095542E-01
3.366666666666666E+00 4.409581575413328E-01
3.376626626626626E+00 4.413919140036602E-01
3.386586586586586E+00 4.418214761149028E-01
3.396546546546546E+00 4.422469728457489E-01
3.406506506506506E+00 4.426683200848799E-01
3.416466466466466E+00 4.430856187658783E-01
3.426426426426426E+00 4.434988464590589E-01
3.436386386386386E+00 4.439080480237917E-01
3.446346346346346E+00 4.443132010303918E-01
3.456306306306306E+00 4.447144064124414E-01
3.466266266266266E+00 4.451116641699405E-01
3.476226226226226E+00 4.455050303771015E-01
3.486186186186186E+00 4.458945442858731E-01
3.496146146146146E+00 4.462802451482037E-01
3.506106106106106E+00 4.466622282902546E-01
3.516066066066066E+00 4.470404937120258E-01
3.526026026026026E+00 4.474151423470993E-01
3.535985985985986E+00 4.477862358771090E-01
3.545945945945946E+00 4.481538752356370E-01
3.555905905905905E+00 4.485180492078408E-01
3.565865865865866E+00 4.488788699421452E-01
3.575825825825826E+00 4.492362869717590E-01
3.585785785785785E+00 4.495904404822133E-01
3.595745745745746E+00 4.499412687918742E-01
3.605705705705705E+00 4.502888447972181E-01
3.615665665665665E+00 4.506331628908234E-01
3.625625625625625E+00 4.509743296136939E-01
3.635585585585585E+00 4.513122608545110E-01
3.645545545545545E+00 4.516470182949082E-01
3.655505505505505E+00 4.519786355794130E-01
3.665465465465465E+00 4.523070678486554E-01
3.675425425425425E+00 4.526323992139540E-01
3.685385385385385E+00 4.529545511714116E-01
3.695345345345345E+00 4.532736358694529E-01
3.705305305305305E+00 4.535895579819167E-01
3.715265265265265E+00 4.539024016201217E-01
3.725225225225225E+00 4.542121163172767E-01
3.735185185185185E+00 4.545187357179092E-01
3.745145145145145E+00 4.548222542145979E-01
3.755105105105105E+00 4.551226549850791E-01
3.765065065065065E+00 4.554199548516166E-01
3.775025025025025E+00 4.557142547477925E-01
3.784984984984985E+00 4.560055322439220E-01
3.794944944944945E+00 4.562938658439022E-01
3.804904904904904E+00 4.565792331180485E-01
3.814864864864865E+00 4.568617574296278E-01
3.824824824824824E+00 4.571414275637977E-01
3.834784784784785E+00 4.574182715576644E-01
3.844744744744744E+00 4.576923959522314E-01
3.854704704704704E+00 4.579637951400776E-01
3.864664664664665E+00 4.582325420176788E-01
3.874624624624624E+00 4.584986421924564E-01
3.884584584584584E+00 4.587621293089378E-01
3.894544544544544E+00 4.590230594413354E-01
3.904504504504504E+00 4.592814438044917E-01
3.914464464464464E+00 4.595372936132490E-01
3.924424424424424E+00 4.597906593343985E-01
3.934384384384384E+00 4.600415353605190E-01
3.944344344344344E+00 4.602898880470832E-01
3.954304304304304E+00 4.605358295425156E-01
3.964264264264264E+00 4.607792757354978E-01
3.974224224224224E+00 4.610202490557146E-01
3.984184184184184E+00 4.612587775402724E-01
3.994144144144144E+00 4.614948331520650E-01
4.004104104104104E+00 4.617283822465648E-01
4.014064064064064E+00 4.619593967866657E-01
4.024024024024024E+00 4.621878935946314E-01
4.033983983983984E+00 4.624138614556195E-01
4.043943943943944E+00 4.626373171918936E-01
4.053903903903904E+00 4.628582271589263E-01
4.063863863863864E+00 4.630766081789814E-01
4.073823823823823E+00 4.632925275411137E-01
4.083783783783783E+00 4.635059852453232E-01
4.093743743743744E+00 4.637169868990311E-01
4.103703703703704E+00 4.639255605393435E-01
4.113663663663663E+00 4.641317622404729E-01
4.123623623623623E+00 4.643356256469467E-01
4.133583583583583E+00 4.645371787958711E-01
4.143543543543543E+00 4.647364945837221E-01
4.153503503503504E+00 4.649336122624485E-01
4.163463463463463E+00 4.651285710839987E-01
4.173423423423423E+00 4.653215000190614E-01
4.183383383383383E+00 4.655123486008453E-01
4.193343343343343E+00 4.657011953332479E-01
4.203303303303303E+00 4.658881747943786E-01
4.213263263263263E+00 4.660732196951827E-01
4.223223223223223E+00 4.662564365766638E-01
4.233183183183183E+00 4.664377974017156E-01
4.243143143143143E+00 4.666174031039203E-01
4.253103103103102E+00 4.667952088239082E-01
4.263063063063063E+00 4.669712145616792E-01
4.273023023023023E+00 4.671454988211305E-01
4.282982982982983E+00 4.673179999206286E-01
4.292942942942942E+00 4.674887458972797E-01
4.302902902902902E+00 4.676577143213989E-01
4.312862862862863E+00 4.678248827633011E-01
4.322822822822823E+00 4.679902624378289E-01
4.332782782782783E+00 4.681538309152973E-01
4.342742742742742E+00 4.683155601586001E-01
4.352702702702702E+00 4.684754725974223E-01
4.362662662662662E+00 4.686335289798153E-01
4.372622622622623E+00 4.687897517354639E-01
4.382582582582582E+00 4.689440735753133E-01
4.392542542542542E+00 4.690965057142060E-01
4.402502502502502E+00 4.692470257224571E-01
4.412462462462462E+00 4.693957064965427E-01
4.422422422422422E+00 4.695424414954591E-01
4.432382382382382E+00 4.696872475414702E-01
4.442342342342342E+00 4.698302031384733E-01
4.452302302302302E+00 4.699712129603073E-01
4.462262262262262E+00 4.701103106514996E-01
4.472222222222222E+00 4.702475354639991E-01
4.482182182182182E+00 4.703829322571754E-01
4.492142142142142E+00 4.705164169197100E-01
4.502102102102102E+00 4.706480903851852E-01
4.512062062062062E+00 4.707779694758648E-01
4.522022022022021E+00 4.709060597991699E-01
4.531981981981982E+00 4.710324286441554E-01
4.541941941941942E+00 4.711570591885577E-01
4.551901901901902E+00 4.712800579733801E-01
4.561861861861861E+00 4.714014698579925E-01
4.571821821821821E+00 4.715212611978677E-01
4.581781781781782E+00 4.716395217117452E-01
4.591741741741742E+00 4.717563299035225E-01
4.601701701701701E+00 4.718716689509359E-01
4.611661661661661E+00 4.719856678246738E-01
4.621621621621621E+00 4.720983209173148E-01
4.631581581581581E+00 4.722097011253352E-01
4.641541541541542E+00 4.723198028413137E-01
4.651501501501501E+00 4.724287886804661E-01
4.661461461461461E+00 4.725365240646828E-01
4.671421421421421E+00 4.726431435720734E-01
4.681381381381381E+00 4.727486023432680E-01
4.691341341341341E+00 4.728528947708455E-01
4.701301301301301E+00 4.729560937512819E-01
4.711261261261261E+00 4.730580927435736E-01
4.721221221221221E+00 4.731589646441968E-01
4.731181181181181E+00 4.732586814160453E-01
4.741141141141140E+00 4.733572038071704E-01
4.751101101101101E+00 4.734544981730448E-01
4.761061061061061E+00 4.735505645136683E-01
4.771021021021021E+00 4.736453243251437E-01
4.780980980980980E+00 4.737388168594198E-01
4.790940940940940E+00 4.738310028645477E-01
4.800900900900901E+00 4.739217926217877E-01
4.810860860860861E+00 4.740111917385610E-01
4.820820820820821E+00 4.740991609629191E-01
4.830780780780780E+00 4.741857563690742E-01
4.840740740740740E+00 4.742708489863379E-01
4.850700700700700E+00 4.743544556369740E-01
4.860660660660661E+00 4.744365987506673E-01
4.870620620620620E+00 4.745172166457843E-01
4.880580580580580E+00 4.745964214707497E-01
4.890540540540540E+00 4.746741571513512E-01
4.900500500500500E+00 4.747505975176470E-01
4.910460460460460E+00 4.748257033176886E-01
4.920420420420420E+00 4.748995530553732E-01
4.930380380380380E+00 4.749722420568618E-01
4.940340340340340E+00 4.750437871444181E-01
4.950300300300300E+00 4.751142836442033E-01
4.960260260260260E+00 4.751837932378508E-01
4.970220220220220E+00 4.752523607847305E-01
4.980180180180180E+00 4.753201432926373E-01
4.990140140140140E+00 4.753871015096222E-01
5.000100100100100E+00 4.754533307618464E-01
5.010060060060059E+00 4.755189263754708E-01
5.020020020020020E+00 4.755838939579168E-01
5.029979979979980E+00 4.756483120130816E-01
5.039939939939940E+00 4.757122197929139E-01
5.049899899899899E+00 4.757756789790472E-01
5.059859859859859E+00 4.758387120011666E-01
5.069819819819820E+00 4.759012796073234E-01
5.079779779779780E+00 4.759634210494662E-01
5.089739739739739E+00 4.760251531498587E-01
5.099699699699699E+00 4.760863974046036E-01
5.109659659659659E+00 4.761470080207488E-01
5.119619619619619E+00 4.762069401389244E-01
5.129579579579580E+00 4.762661488997605E-01
5.139539539539539E+00 4.763244829028837E-01
5.149499499499499E+00 4.763819141111878E-01
5.159459459459459E+00 4.764383471985119E-01
5.169419419419419E+00 4.764937092683798E-01
5.179379379379379E+00 4.765479610688428E-01
5.189339339339339E+00 4.766010072737399E-01
5.199299299299299E+00 4.766528254533863E-01
5.209259259259259E+00 4.767033987855183E-01
5.219219219219219E+00 4.767525982994472E-01
5.229179179179178E+00 4.768004856768068E-01
5.239139139139139E+00 4.768470272730697E-01
5.249099099099099E+00 4.768921894437084E-01
5.259059059059059E+00 4.769360675148839E-01
5.269019019019018E+00 4.769786558791751E-01
5.278978978978978E+00 4.770200442553216E-01
5.288938938938939E+00 4.770602550730085E-01
5.298898898898899E+00 4.770994116955029E-01
5.308858858858859E+00 4.771376711305995E-01
5.318818818818818E+00 4.771750838450893E-01
5.328778778778778E+00 4.772119526397192E-01
5.338738738738738E+00 4.772483167664379E-01
5.348698698698699E+00 4.772843108033549E-01
5.358658658658658E+00 4.773201534398985E-01
5.368618618618618E+00 4.773558895354386E-01
5.378578578578578E+00 4.773916592755063E-01
5.388538538538538E+00 4.774275019120499E-01
5.398498498498498E+00 4.774635127712306E-01
5.408458458458458E+00 4.774997030678909E-01
5.418418418418418E+00 4.775361905578768E-01
5.428378378378378E+00 4.775729864560306E-01
5.438338338338338E+00 4.776100178658764E-01
5.448298298298298E+00 4.776473913284176E-01
5.458258258258258E+00 4.776850059100720E-01
5.468218218218218E+00 4.777229064702094E-01
5.478178178178178E+00 4.777609528232989E-01
5.488138138138138E+00 4.777991673990257E-01
5.498098098098097E+00 4.778374324415435E-01
5.508058058058058E+00 4.778757030914825E-01
5.518018018018018E+00 4.779138784152605E-01
5.527977977977978E+00 4.779518518718740E-01
5.537937937937937E+00 4.779894047718948E-01
5.547897897897897E+00 4.780264922559530E-01
5.557857857857858E+00 4.780628115233017E-01
5.567817817817818E+00 4.780983064997286E-01
5.577777777777778E+00 4.781328538219667E-01
5.587737737737737E+00 4.781663581638547E-01
5.597697697697697E+00 4.781987466289166E-01
5.607657657657657E+00 4.782299463206765E-01
5.617617617617618E+00 4.782599235946067E-01
5.627577577577577E+00 4.782887064878136E-01
5.637537537537537E+00 4.783162445335061E-01
5.647497497497497E+00 4.783426386652662E-01
5.657457457457457E+00 4.783678159866180E-01
5.667417417417417E+00 4.783918718237226E-01
5.677377377377377E+00 4.784148398211072E-01
5.687337337337337E+00 4.784367704455632E-01
5.697297297297297E+00 4.784577646306726E-01
5.707257257257257E+00 4.784778391986992E-01
5.717217217217216E+00 4.784971511574377E-01
5.727177177177177E+00 4.785156444326757E-01
5.737137137137137E+00 4.785335321064200E-01
5.747097097097097E+00 4.785508534306195E-01
5.757057057057057E+00 4.785676925165928E-01
5.767017017017016E+00 4.785841222608157E-01
5.776976976976977E+00 4.786001819152370E-01
5.786936936936937E+00 4.786159724134390E-01
5.796896896896897E+00 4.786315105776852E-01
5.806856856856856E+00 4.786467795857122E-01
5.816816816816816E+00 4.786618467265746E-01
5.826776776776776E+00 4.786767007854301E-01
5.836736736736737E+00 4.786913585845423E-01
5.846696696696696E+00 4.787058201239112E-01
5.856656656656656E+00 4.787201302629067E-01
5.866616616616616E+00 4.787341880679466E-01
5.876576576576576E+00 4.787481281171405E-01
5.886536536536537E+00 4.787618158323788E-01
5.896496496496496E+00 4.787753801843498E-01
5.906456456456456E+00 4.787887314543139E-01
5.916416416416416E+00 4.788019088942196E-01
5.926376376376376E+00 4.788149237189096E-01
5.936336336336336E+00 4.788277815358049E-01
5.946296296296296E+00 4.788404879523267E-01
5.956256256256256E+00 4.788530597907389E-01
5.966216216216216E+00 4.788655531252539E-01
5.976176176176176E+00 4.788779679558715E-01
5.986136136136135E+00 4.788904444681226E-01
5.996096096096096E+00 4.789030163065349E-01
6.006056056056056E+00 4.789157787972690E-01
6.016016016016016E+00 4.789287767996952E-01
6.025975975975975E+00 4.789419822767072E-01
6.035935935935935E+00 4.789554905544659E-01
6.045895895895896E+00 4.789691950919679E-01
6.055855855855856E+00 4.789831463560043E-01
6.065815815815816E+00 4.789972209833078E-01
6.075775775775775E+00 4.790114414035636E-01
6.085735735735735E+00 4.790257347202954E-01
6.095695695695695E+00 4.790399775702361E-01
6.105655655655656E+00 4.790540802346458E-01
6.115615615615615E+00 4.790679978541548E-01
6.125575575575575E+00 4.790815902432321E-01
6.135535535535535E+00 4.790948013276652E-01
6.145495495495495E+00 4.791075413887145E-01
6.155455455455455E+00 4.791197319224826E-01
6.165415415415415E+00 4.791312776028086E-01
6.175375375375375E+00 4.791421111406375E-01
6.185335335335335E+00 4.791521035652809E-01
6.195295295295295E+00 4.791612997361088E-01
6.205255255255254E+00 4.791696491863299E-01
6.215215215215215E+00 4.791772248124204E-01
6.225175175175175E+00 4.791839817550104E-01
6.235135135135135E+00 4.791900714144732E-01
6.245095095095095E+00 4.791955779021274E-01
6.255055055055054E+00 4.792005236476580E-01
6.265015015015015E+00 4.792050207994896E-01
6.274974974974975E+00 4.792091983283108E-01
6.284934934934935E+00 4.792131515602826E-01
6.294894894894894E+00 4.792169365696172E-01
6.304854854854854E+00 4.792206879344245E-01
6.314814814814814E+00 4.792244841586015E-01
6.324774774774775E+00 4.792284093534671E-01
6.334734734734734E+00 4.792325420229184E-01
6.344694694694694E+00 4.792369382411678E-01
6.354654654654654E+00 4.792416036156366E-01
6.364614614614614E+00 4.792466895466980E-01
6.374574574574575E+00 4.792521679972461E-01
6.384534534534534E+00 4.792580670043868E-01
6.394494494494494E+00 4.792644482497539E-01
6.404454454454454E+00 4.792712276220289E-01
6.414414414414414E+00 4.792784668028452E-01
6.424374374374374E+00 4.792861041105693E-01
6.434334334334334E+00 4.792939937522491E-01
6.444294294294294E+00 4.793020516165659E-01
6.454254254254254E+00 4.793102272367287E-01
6.464214214214214E+00 4.793184084643127E-01
6.474174174174173E+00 4.793265672622118E-01
6.484134134134134E+00 4.793345858745800E-01
6.494094094094094E+00 4.793425035533659E-01
6.504054054054054E+00 4.793501745056174E-01
6.514014014014013E+00 4.793576043387558E-01
6.523973973973973E+00 4.793647201563049E-01
6.533933933933934E+00 4.793715836398984E-01
6.543893893893894E+00 4.793780826411115E-01
6.553853853853854E+00 4.793843124861052E-01
6.563813813813813E+00 4.793901610264549E-01
6.573773773773773E+00 4.793957291957427E-01
6.583733733733733E+00 4.794009440974926E-01
6.593693693693694E+00 4.794059010578657E-01
6.603653653653653E+00 4.794105383952283E-01
6.613613613613613E+00 4.794149626505839E-01
6.623573573573573E+00 4.794192018610386E-01
6.633533533533533E+00 4.794231999523803E-01
6.643493493493493E+00 4.794270802878760E-01
6.653453453453453E+00 4.794308204378407E-01
6.663413413413413E+00 4.794344484393806E-01
6.673373373373373E+00 4.794379923296021E-01
6.683333333333333E+00 4.794415081827174E-01
6.693293293293292E+00 4.794450184284114E-01
6.703253253253253E+00 4.794484389553657E-01
6.713213213213213E+00 4.794518763045837E-01
6.723173173173173E+00 4.794553360834866E-01
6.733133133133133E+00 4.794587790401258E-01
6.743093093093092E+00 4.794622051745013E-01
6.753053053053053E+00 4.794656705608255E-01
6.763013013013013E+00 4.794691247323071E-01
6.772972972972973E+00 4.794726181557374E-01
6.782932932932932E+00 4.794761003643253E-01
6.792892892892892E+00 4.794796050025981E-01
6.802852852852852E+00 4.794831376779771E-01
6.812812812812813E+00 4.794866423162499E-01
6.822772772772772E+00 4.794901525619439E-01
6.832732732732732E+00 4.794936179482681E-01
6.842692692692692E+00 4.794970609049073E-01
6.852652652652652E+00 4.795004702170191E-01
6.862612612612613E+00 4.795038458846034E-01
6.872572572572572E+00 4.795071318334481E-01
6.882532532532532E+00 4.795103785303440E-01
6.892492492492492E+00 4.795136196198186E-01
6.902452452452452E+00 4.795167653831323E-01
6.912412412412412E+00 4.795198606796549E-01
6.922372372372372E+00 4.795228830797014E-01
6.932332332332332E+00 4.795258830500629E-01
6.942292292292292E+00 4.795287596571571E-01
6.952252252252252E+00 4.795315857974604E-01
6.962212212212211E+00 4.795343166116025E-01
6.972172172172172E+00 4.795369352773200E-01
6.982132132132132E+00 4.795394305797702E-01
6.992092092092092E+00 4.795418361634806E-01
7.002052052052052E+00 4.795440567022903E-01
7.012012012012011E+00 4.795461594852540E-01
7.021971971971972E+00 4.795481389049505E-01
7.031931931931932E+00 4.795498996352188E-01
7.041891891891892E+00 4.795515145725349E-01
7.051851851851851E+00 4.795529893243201E-01
7.061811811811811E+00 4.795542229569921E-01
7.071771771771771E+00 4.795553444412394E-01
7.081731731731732E+00 4.795562248063735E-01
7.091691691691691E+00 4.795569481637130E-01
7.101651651651651E+00 4.795574696538880E-01
7.111611611611611E+00 4.795578060991622E-01
7.121571571571571E+00 4.795579518921143E-01
7.131531531531532E+00 4.795579350698507E-01
7.141491491491491E+00 4.795577500249498E-01
7.151451451451451E+00 4.795574696538880E-01
7.161411411411411E+00 4.795569705933980E-01
7.171371371371371E+00 4.795564042438530E-01
7.181331331331331E+00 4.795557369607259E-01
7.191291291291291E+00 4.795549519217528E-01
7.201251251251251E+00 4.795541052011461E-01
7.211211211211211E+00 4.795532080137483E-01
7.221171171171171E+00 4.795522379298743E-01
7.231131131131130E+00 4.795512510237367E-01
7.241091091091091E+00 4.795502192582293E-01
7.251051051051051E+00 4.795492379595128E-01
7.261011011011011E+00 4.795482005865841E-01
7.270970970970970E+00 4.795472361101314E-01
7.280930930930930E+00 4.795462716336787E-01
7.290890890890890E+00 4.795453071572260E-01
7.300850850850851E+00 4.795444548291981E-01
7.310810810810811E+00 4.795436417531189E-01
7.320770770770770E+00 4.795429968996766E-01
7.330730730730730E+00 4.795425314837140E-01
7.340690690690690E+00 4.795422342903884E-01
7.350650650650651E+00 4.795422118607035E-01
7.360610610610610E+00 4.795424866243441E-01
7.370570570570570E+00 4.795430361516253E-01
7.380530530530530E+00 4.795439165167594E-01
7.390490490490490E+00 4.795451501494314E-01
7.400450450450450E+00 4.795467875164325E-01
7.410410410410410E+00 4.795488061880776E-01
7.420370370370370E+00 4.795512061643668E-01
7.430330330330330E+00 4.795540491269337E-01
7.440290290290290E+00 4.795572902164084E-01
7.450250250250249E+00 4.795609798995820E-01
7.460210210210210E+00 4.795650789245059E-01
7.470170170170170E+00 4.795696265431287E-01
7.480130130130130E+00 4.795745722886593E-01
7.490090090090090E+00 4.795799161610976E-01
7.500050050050049E+00 4.795856357307589E-01
7.510010010010010E+00 4.795916861382731E-01
7.519969969969970E+00 4.795980617762190E-01
7.529929929929930E+00 4.796045832071170E-01
7.539889889889889E+00 4.796110597786452E-01
7.549849849849849E+00 4.796172503716902E-01
7.559809809809809E+00 4.796231045194611E-01
7.569769769769770E+00 4.796283867102659E-01
7.579729729729729E+00 4.796329623659948E-01
7.589689689689689E+00 4.796367081233808E-01
7.599649649649649E+00 4.796395118339991E-01
7.609609609609609E+00 4.796412108826337E-01
7.619569569569570E+00 4.796418108767060E-01
7.629529529529529E+00 4.796411267713152E-01
7.639489489489489E+00 4.796391809961461E-01
7.649449449449449E+00 4.796358894398803E-01
7.659409409409409E+00 4.796312464950965E-01
7.669369369369369E+00 4.796251512282125E-01
7.679329329329329E+00 4.796177045728104E-01
7.689289289289289E+00 4.796088112027293E-01
7.699249249249249E+00 4.795985888738152E-01
7.709209209209209E+00 4.795869590821707E-01
7.719169169169168E+00 4.795740395836419E-01
7.729129129129129E+00 4.795598023411224E-01
7.739089089089089E+00 4.795596789778552E-01
7.749049049049049E+00 4.795596789778552E-01
7.759009009009008E+00 4.795596789778552E-01
7.768968968968968E+00 4.795596789778552E-01
7.778928928928928E+00 4.795596789778552E-01
7.788888888888889E+00 4.795596789778552E-01
7.798848848848849E+00 4.795596789778552E-01
7.808808808808808E+00 4.795596789778552E-01
7.818768768768768E+00 4.795596789778552E-01
7.828728728728728E+00 4.795596789778552E-01
7.838688688688689E+00 4.795596789778552E-01
7.848648648648648E+00 4.795596789778552E-01
7.858608608608608E+00 4.795596789778552E-01
7.868568568568568E+00 4.795596789778552E-01
7.878528528528528E+00 4.795596789778552E-01
7.888488488488488E+00 4.795596789778552E-01
7.898448448448448E+00 4.795596789778552E-01
7.908408408408408E+00 4.795596789778552E-01
7.918368368368368E+00 4.795596789778552E-01
7.928328328328328E+00 4.795596789778552E-01
7.938288288288287E+00 4.795596789778552E-01
7.948248248248248E+00 4.795596789778552E-01
7.958208208208208E+00 4.795596789778552E-01
7.968168168168168E+00 4.795596789778552E-01
7.978128128128128E+00 4.795596789778552E-01
7.988088088088087E+00 4.795596789778552E-01
7.998048048048048E+00 4.795596789778552E-01
8.008008008008009E+00 4.795596789778552E-01
8.017967967967968E+00 4.795596789778552E-01
8.027927927927928E+00 4.795596789778552E-01
8.037887887887887E+00 4.795596789778552E-01
8.047847847847848E+00 4.795596789778552E-01
8.057807807807809E+00 4.795596789778552E-01
8.067767767767767E+00 4.795596789778552E-01
8.077727727727728E+00 4.795596789778552E-01
8.087687687687689E+00 4.795596789778552E-01
8.097647647647648E+00 4.795596789778552E-01
8.107607607607608E+00 4.795596789778552E-01
8.117567567567567E+00 4.795596789778552E-01
8.127527527527528E+00 4.795596789778552E-01
8.137487487487489E+00 4.795596789778552E-01
8.147447447447448E+00 4.795596789778552E-01
8.157407407407408E+00 4.795596789778552E-01
8.167367367367367E+00 4.795596789778552E-01
8.177327327327328E+00 4.795596789778552E-01
8.187287287287287E+00 4.795596789778552E-01
8.197247247247248E+00 4.795596789778552E-01
8.207207207207208E+00 4.795596789778552E-01
8.217167167167167E+00 4.795596789778552E-01
8.227127127127128E+00 4.795596789778552E-01
8.237087087087087E+00 4.795596789778552E-01
8.247047047047047E+00 4.795596789778552E-01
8.257007007007008E+00 4.795596789778552E-01
8.266966966966967E+00 4.795596789778552E-01
8.276926926926928E+00 4.795596789778552E-01
8.286886886886887E+00 4.795596789778552E-01
8.296846846846847E+00 4.795596789778552E-01
8.306806806806808E+00 4.795596789778552E-01
8.316766766766767E+00 4.795596789778552E-01
8.326726726726728E+00 4.795596789778552E-01
8.336686686686686E+00 4.795596789778552E-01
8.346646646646647E+00 4.795596789778552E-01
8.356606606606608E+00 4.795596789778552E-01
8.366566566566567E+00 4.795596789778552E-01
8.376526526526527E+00 4.795596789778552E-01
8.386486486486486E+00 4.795596789778552E-01
8.396446446446447E+00 4.795596789778552E-01
8.406406406406408E+00 4.795596789778552E-01
8.416366366366367E+00 4.795596789778552E-01
8.426326326326327E+00 4.795596789778552E-01
8.436286286286286E+00 4.795596789778552E-01
8.446246246246247E+00 4.795596789778552E-01
8.456206206206206E+00 4.795596789778552E-01
8.466166166166166E+00 4.795596789778552E-01
8.476126126126127E+00 4.795596789778552E-01
8.486086086086086E+00 4.795596789778552E-01
8.496046046046047E+00 4.795596789778552E-01
8.506006006006006E+00 4.795596789778552E-01
8.515965965965966E+00 4.795596789778552E-01
8.525925925925927E+00 4.795596789778552E-01
8.535885885885886E+00 4.795596789778552E-01
8.545845845845847E+00 4.795596789778552E-01
8.555805805805806E+00 4.795596789778552E-01
8.565765765765766E+00 4.795596789778552E-01
8.575725725725727E+00 4.795596789778552E-01
8.585685685685686E+00 4.795596789778552E-01
8.595645645645646E+00 4.795596789778552E-01
8.605605605605605E+00 4.795596789778552E-01
8.615565565565566E+00 4.795596789778552E-01
8.625525525525527E+00 4.795596789778552E-01
8.635485485485486E+00 4.795596789778552E-01
8.645445445445446E+00 4.795596789778552E-01
8.655405405405405E+00 4.795596789778552E-01
8.665365365365366E+00 4.795596789778552E-01
8.675325325325325E+00 4.795596789778552E-01
8.685285285285286E+00 4.795596789778552E-01
8.695245245245246E+00 4.795596789778552E-01
8.705205205205205E+00 4.795596789778552E-01
8.715165165165166E+00 4.795596789778552E-01
8.725125125125125E+00 4.795596789778552E-01
8.735085085085085E+00 4.795596789778552E-01
8.745045045045046E+00 4.795596789778552E-01
8.755005005005005E+00 4.795596789778552E-01
8.764964964964966E+00 4.795596789778552E-01
8.774924924924925E+00 4.795596789778552E-01
8.784884884884885E+00 4.795596789778552E-01
8.794844844844846E+00 4.795596789778552E-01
8.804804804804805E+00 4.795596789778552E-01
8.814764764764766E+00 4.795596789778552E-01
8.824724724724724E+00 4.795596789778552E-01
8.834684684684685E+00 4.795596789778552E-01
8.844644644644646E+00 4.795596789778552E-01
8.854604604604605E+00 4.795596789778552E-01
8.864564564564565E+00 4.795596789778552E-01
8.874524524524524E+00 4.795596789778552E-01
8.884484484484485E+00 4.795596789778552E-01
8.894444444444446E+00 4.795596789778552E-01
8.904404404404405E+00 4.795596789778552E-01
8.914364364364365E+00 4.795596789778552E-01
8.924324324324324E+00 4.795596789778552E-01
8.934284284284285E+00 4.795596789778552E-01
8.944244244244244E+00 4.795596789778552E-01
8.954204204204204E+00 4.795596789778552E-01
8.964164164164165E+00 4.795596789778552E-01
8.974124124124124E+00 4.795596789778552E-01
8.984084084084085E+00 4.795596789778552E-01
8.994044044044044E+00 4.795596789778552E-01
9.004004004004004E+00 4.795596789778552E-01
9.013963963963965E+00 4.795596789778552E-01
9.023923923923924E+00 4.795596789778552E-01
9.033883883883885E+00 4.795596789778552E-01
9.043843843843844E+00 4.795596789778552E-01
9.053803803803804E+00 4.795596789778552E-01
9.063763763763765E+00 4.795596789778552E-01
9.073723723723724E+00 4.795596789778552E-01
9.083683683683685E+00 4.795596789778552E-01
9.093643643643643E+00 4.795596789778552E-01
9.103603603603604E+00 4.795596789778552E-01
9.113563563563565E+00 4.795596789778552E-01
9.123523523523524E+00 4.795596789778552E-01
9.133483483483484E+00 4.795596789778552E-01
9.143443443443443E+00 4.795596789778552E-01
9.153403403403404E+00 4.795596789778552E-01
9.163363363363363E+00 4.795596789778552E-01
9.173323323323324E+00 4.795596789778552E-01
9.183283283283284E+00 4.795596789778552E-01
9.193243243243243E+00 4.795596789778552E-01
9.203203203203204E+00 4.795596789778552E-01
9.213163163163163E+00 4.795596789778552E-01
9.223123123123123E+00 4.795596789778552E-01
9.233083083083084E+00 4.795596789778552E-01
9.243043043043043E+00 4.795596789778552E-01
9.253003003003004E+00 4.795596789778552E-01
9.262962962962963E+00 4.795596789778552E-01
9.272922922922923E+00 4.795596789778552E-01
9.282882882882884E+00 4.795596789778552E-01
9.292842842842843E+00 4.795596789778552E-01
9.302802802802804E+00 4.795596789778552E-01
9.312762762762762E+00 4.795596789778552E-01
9.322722722722723E+00 4.795596789778552E-01
9.332682682682684E+00 4.795596789778552E-01
9.342642642642643E+00 4.795596789778552E-01
9.352602602602603E+00 4.795596789778552E-01
9.362562562562562E+00 4.795596789778552E-01
9.372522522522523E+00 4.795596789778552E-01
9.382482482482484E+00 4.795596789778552E-01
9.392442442442443E+00 4.795596789778552E-01
9.402402402402403E+00 4.795596789778552E-01
9.412362362362362E+00 4.795596789778552E-01
9.422322322322323E+00 4.795596789778552E-01
9.432282282282282E+00 4.795596789778552E-01
9.442242242242243E+00 4.795596789778552E-01
9.452202202202203E+00 4.795596789778552E-01
9.462162162162162E+00 4.795596789778552E-01
9.472122122122123E+00 4.795596789778552E-01
9.482082082082082E+00 4.795596789778552E-01
9.492042042042042E+00 4.795596789778552E-01
9.502002002002003E+00 4.795596789778552E-01
9.511961961961962E+00 4.795596789778552E-01
9.521921921921923E+00 4.795596789778552E-01
9.531881881881882E+00 4.795596789778552E-01
9.541841841841842E+00 4.795596789778552E-01
9.551801801801803E+00 4.795596789778552E-01
9.561761761761762E+00 4.795596789778552E-01
9.571721721721723E+00 4.795596789778552E-01
9.581681681681681E+00 4.795596789778552E-01
9.591641641641642E+00 4.795596789778552E-01
9.601601601601603E+00 4.795596789778552E-01
9.611561561561562E+00 4.795596789778552E-01
9.621521521521522E+00 4.795596789778552E-01
9.631481481481481E+00 4.795596789778552E-01
9.641441441441442E+00 4.795596789778552E-01
9.651401401401401E+00 4.795596789778552E-01
9.661361361361362E+00 4.795596789778552E-01
9.671321321321322E+00 4.795596789778552E-01
9.681281281281281E+00 4.795596789778552E-01
9.691241241241242E+00 4.795596789778552E-01
9.701201201201201E+00 4.795596789778552E-01
9.711161161161161E+00 4.795596789778552E-01
9.721121121121122E+00 4.795596789778552E-01
9.731081081081081E+00 4.795596789778552E-01
9.741041041041042E+00 4.795596789778552E-01
9.751001001001001E+00 4.795596789778552E-01
9.760960960960961E+00 4.795596789778552E-01
9.770920920920922E+00 4.795596789778552E-01
9.780880880880881E+00 4.795596789778552E-01
9.790840840840842E+00 4.795596789778552E-01
9.800800800800801E+00 4.795596789778552E-01
9.810760760760761E+00 4.795596789778552E-01
9.820720720720722E+00 4.795596789778552E-01
9.830680680680681E+00 4.795596789778552E-01
9.840640640640641E+00 4.795596789778552E-01
9.850600600600600E+00 4.795596789778552E-01
9.860560560560561E+00 4.795596789778552E-01
9.870520520520522E+00 4.795596789778552E-01
9.880480480480481E+00 4.795596789778552E-01
9.890440440440441E+00 4.795596789778552E-01
9.900400400400400E+00 4.795596789778552E-01
9.910360360360361E+00 4.795596789778552E-01
9.920320320320320E+00 4.795596789778552E-01
9.930280280280281E+00 4.795596789778552E-01
9.940240240240241E+00 4.795596789778552E-01
9.950200200200200E+00 4.795596789778552E-01
9.960160160160161E+00 4.795596789778552E-01
9.970120120120120E+00 4.795596789778552E-01
9.980080080080080E+00 4.795596789778552E-01
9.990040040040041E+00 4.795596789778552E-01
1.000000000000000E+01 4.795596789778552E-01
