0.000000000000000E+00  0.000000000000000E+00  0.000000000000000E+00  0.000000000000000E+00  0.000000000000000E+00  0.000000000000000E+00 
8.403361344537816E-02  0.000000000000000E+00  0.000000000000000E+00  0.000000000000000E+00  0.000000000000000E+00  0.000000000000000E+00 
1.680672268907563E-01  1.999999955296516E-02  9.999999776482582E-03  0.000000000000000E+00  0.000000000000000E+00  0.000000000000000E+00 
2.521008403361344E-01  1.999999955296516E-02  9.999999776482582E-03  0.000000000000000E+00  0.000000000000000E+00  0.000000000000000E+00 
3.361344537815126E-01  1.999999955296516E-02  1.999999955296516E-02  6.052119424566627E-04  9.999999776482582E-03  6.052119424566627E-04 
4.201680672268908E-01  1.999999955296516E-02  1.999999955296516E-02  2.873843349516392E-02  9.999999776482582E-03  9.999999776482582E-03 
5.042016806722689E-01  4.999999701976776E-02  3.999999910593033E-02  4.104171320796013E-02  2.104171551764011E-02  3.312514722347260E-02 
5.882352941176471E-01  4.999999701976776E-02  3.999999910593033E-02  7.000000029802322E-02  2.999999932944775E-02  7.999999821186066E-02 
6.722689075630253E-01  4.999999701976776E-02  8.305162936449051E-02  1.199999973177910E-01  7.101721316576004E-02  1.299999952316284E-01 
7.563025210084034E-01  5.886931344866753E-02  1.244346573948860E-01  1.429564356803894E-01  1.703475266695023E-01  1.459128707647324E-01 
8.403361344537816E-01  2.273745685815811E-01  1.499999910593033E-01  2.284684926271439E-01  2.397812157869339E-01  2.289060652256012E-01 
9.243697478991597E-01  2.363382875919342E-01  2.699999809265137E-01  2.363382875919342E-01  2.626765668392181E-01  2.526765763759613E-01 
1.008403361344538E+00  2.529074251651764E-01  2.714537084102631E-01  2.500000000000000E-01  2.814536988735199E-01  2.599999904632568E-01 
1.092436974789916E+00  2.699999809265137E-01  2.853585481643677E-01  2.607170939445496E-01  2.953585386276245E-01  2.599999904632568E-01 
1.176470588235294E+00  2.782324254512787E-01  2.899999916553497E-01  2.782324254512787E-01  3.164648413658142E-01  3.011621534824371E-01 
1.260504201680672E+00  2.800000011920929E-01  3.004354238510132E-01  2.904354333877563E-01  3.299999833106995E-01  3.102177083492279E-01 
1.344537815126051E+00  2.800000011920929E-01  3.199999928474426E-01  3.100000023841858E-01  3.314291834831238E-01  3.199999928474426E-01 
1.428571428571429E+00  2.819607853889465E-01  3.199999928474426E-01  3.100000023841858E-01  3.419607877731323E-01  3.199999928474426E-01 
1.512605042016807E+00  2.918902039527893E-01  3.199999928474426E-01  3.100000023841858E-01  3.499999940395355E-01  3.199999928474426E-01 
1.596638655462185E+00  3.012826442718506E-01  3.199999928474426E-01  3.100000023841858E-01  3.499999940395355E-01  3.199999928474426E-01 
1.680672268907563E+00  3.100000023841858E-01  3.199999928474426E-01  3.101932108402252E-01  3.499999940395355E-01  3.201932013034821E-01 
1.764705882352941E+00  3.100000023841858E-01  3.199999928474426E-01  3.186689317226410E-01  3.499999940395355E-01  3.286689221858978E-01 
1.848739495798319E+00  3.100000023841858E-01  3.199999928474426E-01  3.267502784729004E-01  3.567502796649933E-01  3.367502987384796E-01 
1.932773109243698E+00  3.100000023841858E-01  3.199999928474426E-01  3.344723284244537E-01  3.599999845027924E-01  3.400000035762787E-01 
2.016806722689076E+00  3.211942613124847E-01  3.199999928474426E-01  3.400000035762787E-01  3.599999845027924E-01  3.418657183647156E-01 
2.100840336134454E+00  3.637433052062988E-01  3.199999928474426E-01  3.400000035762787E-01  3.599999845027924E-01  3.489572107791901E-01 
2.184873949579832E+00  3.700000047683716E-01  3.257705271244049E-01  3.457705378532410E-01  3.599999845027924E-01  3.499999940395355E-01 
2.268907563025210E+00  3.700000047683716E-01  3.532671928405762E-01  3.499999940395355E-01  3.599999845027924E-01  3.616335988044739E-01 
2.352941176470588E+00  3.700000047683716E-01  4.164442718029022E-01  3.499999940395355E-01  3.599999845027924E-01  3.932221233844757E-01 
2.436974789915967E+00  3.747404217720032E-01  4.347403943538666E-01  3.689616620540619E-01  3.599999845027924E-01  4.284424781799316E-01 
2.521008403361345E+00  3.799999952316284E-01  4.406297206878662E-01  3.969268798828125E-01  3.650377094745636E-01  4.599999785423279E-01 
2.605042016806723E+00  3.799999952316284E-01  4.463258981704712E-01  4.595848321914673E-01  4.106071293354034E-01  4.599999785423279E-01 
2.689075630252101E+00  3.910472393035889E-01  4.518412053585052E-01  5.018411874771118E-01  4.418412148952484E-01  4.618411958217621E-01 
2.773109243697479E+00  4.231207370758057E-01  4.571867585182190E-01  5.071867704391479E-01  4.471867680549622E-01  4.671867787837982E-01 
2.857142857142857E+00  4.423727691173553E-01  4.623727798461914E-01  5.123727917671204E-01  4.499999880790710E-01  4.699999988079071E-01 
2.941176470588236E+00  4.474084377288818E-01  4.674084186553955E-01  5.174084305763245E-01  4.499999880790710E-01  4.699999988079071E-01 
3.025210084033614E+00  4.707199335098267E-01  4.723021984100342E-01  5.199999809265137E-01  4.499999880790710E-01  4.746044278144836E-01 
3.109243697478992E+00  5.135571360588074E-01  4.770618975162506E-01  5.199999809265137E-01  4.499999880790710E-01  4.841237962245941E-01 
3.193277310924370E+00  5.399999618530273E-01  4.935572147369385E-01  5.267785787582397E-01  4.584732651710510E-01  4.967786073684692E-01 
3.277310924369748E+00  5.399999618530273E-01  5.296564698219299E-01  5.448282361030579E-01  4.810352921485901E-01  5.148282051086426E-01 
3.361344537815127E+00  5.399999618530273E-01  5.600000023841858E-01  5.606052279472351E-01  5.036312937736511E-01  5.318155884742737E-01 
3.445378151260504E+00  5.399999618530273E-01  5.600000023841858E-01  5.648947358131409E-01  5.293685793876648E-01  5.446842312812805E-01 
3.529411764705883E+00  5.399999618530273E-01  5.600000023841858E-01  5.690809488296509E-01  5.544856190681458E-01  5.572428107261658E-01 
3.613445378151261E+00  5.399999618530273E-01  5.631685853004456E-01  5.921801924705505E-01  5.631685853004456E-01  5.631685853004456E-01 
3.697478991596639E+00  5.399999618530273E-01  5.671622753143311E-01  6.201359629631042E-01  5.671622753143311E-01  5.671622753143311E-01 
3.781512605042017E+00  5.485297441482544E-01  5.699999928474426E-01  6.421324014663696E-01  5.742648839950562E-01  5.710662007331848E-01 
3.865546218487395E+00  5.790747404098511E-01  5.699999928474426E-01  6.497686505317688E-01  5.895373821258545E-01  5.748843550682068E-01 
3.949579831932773E+00  6.089628934860229E-01  5.699999928474426E-01  6.572406888008118E-01  6.044814586639404E-01  5.786203145980835E-01 
4.033613445378151E+00  6.200000047683716E-01  5.745553970336914E-01  6.599999666213989E-01  6.168331503868103E-01  5.891108512878418E-01 
4.117647058823530E+00  6.200000047683716E-01  5.817192792892456E-01  6.599999666213989E-01  6.275789141654968E-01  6.034385561943054E-01 
4.201680672268908E+00  6.200000047683716E-01  5.887383818626404E-01  6.599999666213989E-01  6.381076574325562E-01  6.174768805503845E-01 
4.285714285714286E+00  6.396650075912476E-01  5.899999737739563E-01  6.599999666213989E-01  6.456185579299927E-01  6.480928659439087E-01 
4.369747899159664E+00  6.632778644561768E-01  5.899999737739563E-01  6.599999666213989E-01  6.523650884628296E-01  6.818255186080933E-01 
4.453781512605042E+00  6.864409446716309E-01  5.899999737739563E-01  6.599999666213989E-01  6.589831113815308E-01  7.149156332015991E-01 
4.537815126050421E+00  6.899999976158142E-01  5.899999737739563E-01  6.599999666213989E-01  6.627386808395386E-01  7.199999690055847E-01 
4.621848739495799E+00  6.899999976158142E-01  5.899999737739563E-01  6.599999666213989E-01  6.659262776374817E-01  7.199999690055847E-01 
4.705882352941177E+00  6.899999976158142E-01  5.899999737739563E-01  6.599999666213989E-01  6.690563559532166E-01  7.199999690055847E-01 
4.789915966386555E+00  6.899999976158142E-01  5.942623019218445E-01  6.599999666213989E-01  6.699999570846558E-01  7.199999690055847E-01 
4.873949579831933E+00  6.899999976158142E-01  6.003048419952393E-01  6.599999666213989E-01  6.699999570846558E-01  7.199999690055847E-01 
4.957983193277311E+00  6.899999976158142E-01  6.062440276145935E-01  6.599999666213989E-01  6.699999570846558E-01  7.199999690055847E-01 
5.042016806722690E+00  6.941668391227722E-01  6.100000143051147E-01  6.610416769981384E-01  6.783336997032166E-01  7.199999690055847E-01 
5.126050420168068E+00  7.056525945663452E-01  6.100000143051147E-01  6.639131307601929E-01  7.013051509857178E-01  7.199999690055847E-01 
5.210084033613446E+00  7.169515490531921E-01  6.100000143051147E-01  6.667378544807434E-01  7.239031195640564E-01  7.199999690055847E-01 
5.294117647058824E+00  7.280697226524353E-01  6.100000143051147E-01  6.695173978805542E-01  7.461394667625427E-01  7.199999690055847E-01 
5.378151260504202E+00  7.367596030235291E-01  6.190128326416016E-01  6.699999570846558E-01  7.500000000000000E-01  7.245063781738281E-01 
5.462184873949580E+00  7.448396682739258E-01  6.297862529754639E-01  6.699999570846558E-01  7.500000000000000E-01  7.298930883407593E-01 
5.546218487394959E+00  7.527963519096375E-01  6.403951644897461E-01  6.699999570846558E-01  7.500000000000000E-01  7.351976037025452E-01 
5.630252100840337E+00  7.599999904632568E-01  6.502110958099365E-01  6.721113324165344E-01  7.502111196517944E-01  7.400000095367432E-01 
5.714285714285714E+00  7.599999904632568E-01  6.527847647666931E-01  6.978477835655212E-01  7.527847886085510E-01  7.400000095367432E-01 
5.798319327731093E+00  7.599999904632568E-01  6.553208231925964E-01  7.232084870338440E-01  7.553208470344543E-01  7.400000095367432E-01 
5.882352941176471E+00  7.599999904632568E-01  6.578204035758972E-01  7.482042908668518E-01  7.578204274177551E-01  7.400000095367432E-01 
5.966386554621849E+00  7.599999904632568E-01  6.599999666213989E-01  7.699999809265137E-01  7.602845430374146E-01  7.400000095367432E-01 
6.050420168067228E+00  7.599999904632568E-01  6.599999666213989E-01  7.699999809265137E-01  7.627142071723938E-01  7.400000095367432E-01 
6.134453781512605E+00  7.599999904632568E-01  6.599999666213989E-01  7.699999809265137E-01  7.651103734970093E-01  7.400000095367432E-01 
6.218487394957983E+00  7.599999904632568E-01  6.599999666213989E-01  7.699999809265137E-01  7.674738764762878E-01  7.400000095367432E-01 
6.302521008403362E+00  7.599999904632568E-01  6.599999666213989E-01  7.699999809265137E-01  7.698057293891907E-01  7.400000095367432E-01 
6.386554621848740E+00  7.599999904632568E-01  6.599999666213989E-01  7.721066474914551E-01  7.699999809265137E-01  7.421066761016846E-01 
6.470588235294118E+00  7.599999904632568E-01  6.599999666213989E-01  7.743774652481079E-01  7.699999809265137E-01  7.443774938583374E-01 
6.554621848739496E+00  7.599999904632568E-01  6.599999666213989E-01  7.766190171241760E-01  7.699999809265137E-01  7.466190457344055E-01 
6.638655462184874E+00  7.599999904632568E-01  6.599999666213989E-01  7.788320183753967E-01  7.699999809265137E-01  7.488320469856262E-01 
6.722689075630253E+00  7.599999904632568E-01  6.701720952987671E-01  7.799999713897705E-01  7.699999809265137E-01  7.510172128677368E-01 
6.806722689075631E+00  7.599999904632568E-01  6.917521953582764E-01  7.799999713897705E-01  7.699999809265137E-01  7.531751990318298E-01 
6.890756302521009E+00  7.599999904632568E-01  7.130675315856934E-01  7.799999713897705E-01  7.699999809265137E-01  7.553067803382874E-01 
6.974789915966388E+00  7.599999904632568E-01  7.341244816780090E-01  7.799999713897705E-01  7.699999809265137E-01  7.574124336242676E-01 
7.058823529411765E+00  7.599999904632568E-01  7.549293041229248E-01  7.799999713897705E-01  7.699999809265137E-01  7.594929337501526E-01 
7.142857142857143E+00  7.599999904632568E-01  7.615487575531006E-01  7.799999713897705E-01  7.699999809265137E-01  7.599999904632568E-01 
7.226890756302522E+00  7.599999904632568E-01  7.635805606842041E-01  7.799999713897705E-01  7.699999809265137E-01  7.599999904632568E-01 
7.310924369747900E+00  7.599999904632568E-01  7.655888795852661E-01  7.799999713897705E-01  7.699999809265137E-01  7.599999904632568E-01 
7.394957983193278E+00  7.599999904632568E-01  7.675742506980896E-01  7.799999713897705E-01  7.699999809265137E-01  7.599999904632568E-01 
7.478991596638656E+00  7.599999904632568E-01  7.695372104644775E-01  7.799999713897705E-01  7.699999809265137E-01  7.599999904632568E-01 
7.563025210084034E+00  7.614781856536865E-01  7.699999809265137E-01  7.799999713897705E-01  7.699999809265137E-01  7.599999904632568E-01 
7.647058823529412E+00  7.633977532386780E-01  7.699999809265137E-01  7.799999713897705E-01  7.699999809265137E-01  7.599999904632568E-01 
7.731092436974791E+00  7.652963399887085E-01  7.699999809265137E-01  7.799999713897705E-01  7.699999809265137E-01  7.599999904632568E-01 
7.815126050420169E+00  7.671743631362915E-01  7.699999809265137E-01  7.799999713897705E-01  7.699999809265137E-01  7.599999904632568E-01 
7.899159663865547E+00  7.690323591232300E-01  7.699999809265137E-01  7.799999713897705E-01  7.699999809265137E-01  7.599999904632568E-01 
7.983193277310925E+00  7.699999809265137E-01  7.699999809265137E-01  7.799999713897705E-01  7.708706259727478E-01  7.599999904632568E-01 
8.067226890756302E+00  7.699999809265137E-01  7.699999809265137E-01  7.799999713897705E-01  7.726897001266479E-01  7.599999904632568E-01 
8.151260504201682E+00  7.699999809265137E-01  7.699999809265137E-01  7.799999713897705E-01  7.744898796081543E-01  7.599999904632568E-01 
8.235294117647060E+00  7.699999809265137E-01  7.699999809265137E-01  7.799999713897705E-01  7.762716412544250E-01  7.599999904632568E-01 
8.319327731092438E+00  7.699999809265137E-01  7.699999809265137E-01  7.799999713897705E-01  7.780352830886841E-01  7.599999904632568E-01 
8.403361344537815E+00  7.699999809265137E-01  7.699999809265137E-01  7.799999713897705E-01  7.797811627388000E-01  7.599999904632568E-01 
8.487394957983193E+00  7.699999809265137E-01  7.699999809265137E-01  7.799999713897705E-01  7.799999713897705E-01  7.599999904632568E-01 
8.571428571428573E+00  7.699999809265137E-01  7.699999809265137E-01  7.799999713897705E-01  7.799999713897705E-01  7.599999904632568E-01 
8.655462184873951E+00  7.699999809265137E-01  7.699999809265137E-01  7.799999713897705E-01  7.799999713897705E-01  7.599999904632568E-01 
8.739495798319329E+00  7.699999809265137E-01  7.699999809265137E-01  7.799999713897705E-01  7.799999713897705E-01  7.599999904632568E-01 
8.823529411764707E+00  7.699999809265137E-01  7.699999809265137E-01  7.799999713897705E-01  7.799999713897705E-01  7.599999904632568E-01 
8.907563025210084E+00  7.699999809265137E-01  7.699999809265137E-01  7.799999713897705E-01  7.799999713897705E-01  7.599999904632568E-01 
8.991596638655462E+00  7.699999809265137E-01  7.699999809265137E-01  7.799999713897705E-01  7.799999713897705E-01  7.599999904632568E-01 
9.075630252100842E+00  7.699999809265137E-01  7.699999809265137E-01  7.799999713897705E-01  7.799999713897705E-01  7.599999904632568E-01 
9.159663865546220E+00  7.699999809265137E-01  7.699999809265137E-01  7.799999713897705E-01  7.799999713897705E-01  7.599999904632568E-01 
9.243697478991598E+00  7.699999809265137E-01  7.699999809265137E-01  7.799999713897705E-01  7.799999713897705E-01  7.599999904632568E-01 
9.327731092436975E+00  7.699999809265137E-01  7.699999809265137E-01  7.799999713897705E-01  7.799999713897705E-01  7.599999904632568E-01 
9.411764705882353E+00  7.699999809265137E-01  7.699999809265137E-01  7.799999713897705E-01  7.799999713897705E-01  7.599999904632568E-01 
9.495798319327731E+00  7.699999809265137E-01  7.699999809265137E-01  7.799999713897705E-01  7.799999713897705E-01  7.599999904632568E-01 
9.579831932773111E+00  7.699999809265137E-01  7.699999809265137E-01  7.799999713897705E-01  7.799999713897705E-01  7.599999904632568E-01 
9.663865546218489E+00  7.699999809265137E-01  7.699999809265137E-01  7.799999713897705E-01  7.799999713897705E-01  7.599999904632568E-01 
9.747899159663866E+00  7.699999809265137E-01  7.699999809265137E-01  7.799999713897705E-01  7.799999713897705E-01  7.599999904632568E-01 
9.831932773109244E+00  7.699999809265137E-01  7.699999809265137E-01  7.799999713897705E-01  7.799999713897705E-01  7.599999904632568E-01 
9.915966386554622E+00  7.699999809265137E-01  7.699999809265137E-01  7.799999713897705E-01  7.799999713897705E-01  7.599999904632568E-01 
1.000000000000000E+01  7.699999809265137E-01  7.699999809265137E-01  7.799999713897705E-01  7.799999713897705E-01  7.599999904632568E-01 
