 14
 5.5 5.6 5.7 5.8 5.9 6 6.1 6.2 6.3 6.4 6.5 6.6 6.7 6.8
 1
 14.2041
 117
 0.047863 0.0501187 0.0524807 0.0549541 0.057544 0.060256 0.0630957 0.0660694 0.0691831 0.0724436 0.0758578 0.0794328 0.0831764 0.0870964 0.0912011 0.0954993 0.1 0.104713 0.109648 0.114815 0.120226 0.125893 0.131826 0.138038 0.144544 0.151356 0.158489 0.165959 0.17378 0.18197 0.190546 0.199526 0.20893 0.218776 0.229087 0.239883 0.251189 0.263027 0.275423 0.288403 0.301995 0.316228 0.331131 0.346737 0.363078 0.380189 0.398107 0.416869 0.436516 0.457088 0.47863 0.501187 0.524807 0.549541 0.57544 0.60256 0.630957 0.660693 0.691831 0.724436 0.758578 0.794328 0.831764 0.870964 0.912011 0.954993 1 1.04713 1.09648 1.14815 1.20226 1.25893 1.31826 1.38038 1.44544 1.51356 1.58489 1.65959 1.7378 1.8197 1.90546 1.99526 2.0893 2.18776 2.29087 2.39883 2.51189 2.63027 2.75423 2.88403 3.01995 3.16228 3.31131 3.46737 3.63078 3.80189 3.98107 4.16869 4.36516 4.57088 4.7863 5.01187 5.24807 5.49541 5.7544 6.0256 6.30957 6.60693 6.91831 7.24436 7.58578 7.94328 8.31764 8.70964 9.12011 9.54993 10
 1e-30 1e-30 1e-30 1e-30 1e-30 1e-30 1e-30 1e-30 1e-30 1e-30 1e-30 1e-30 1e-30 1e-30 9.04 10.32 11.49 12.62 13.82 14.97 15.71 15.88 15.48 14.38 12.73 10.83 8.91 7.159 5.828 5.07 4.603 4.145 3.673 3.204 2.8 2.482 2.201 1.946 1.714 1.501 1.307 1.131 0.9727 0.8321 0.7078 0.5987 0.5037 0.4215 0.3511 0.2909 0.2399 0.1969 0.1607 0.1306 0.1055 0.08479 0.06771 0.05375 0.0424 0.03324 0.02587 0.01997 0.01528 0.0116 0.008727 0.006497 0.00479 0.0035 0.002529 0.001808 0.001278 0.0008932 0.0006171 0.0004217 0.0002845 0.0001895 0.0001248 8.131e-05 5.24e-05 3.341e-05 2.108e-05 1.316e-05 8.137e-06 4.995e-06 3.051e-06 1.855e-06 1.125e-06 6.828e-07 4.155e-07 2.539e-07 1.554e-07 9.507e-08 5.798e-08 3.513e-08 2.106e-08 1.239e-08 7.094e-09 3.934e-09 2.098e-09 1.068e-09 5.138e-10 2.316e-10 9.701e-11 1e-30 1e-30 1e-30 1e-30 1e-30 1e-30 1e-30 1e-30 1e-30 1e-30 1e-30 1e-30 1e-30 1e-30
 1e-30 1e-30 1e-30 1e-30 1e-30 1e-30 1e-30 1e-30 1e-30 1e-30 1e-30 1e-30 1e-30 1e-30 17.07 19.24 21.2 23.06 25 26.81 28.12 28.72 28.52 27.42 25.63 23.41 20.99 18.53 16.25 14.6 13.46 12.42 11.39 10.36 9.436 8.667 7.959 7.287 6.65 6.038 5.454 4.901 4.379 3.893 3.442 3.027 2.647 2.303 1.993 1.716 1.469 1.252 1.06 0.8935 0.7486 0.6235 0.5159 0.4243 0.3468 0.2817 0.2273 0.1819 0.1445 0.1139 0.08903 0.06898 0.05298 0.04034 0.03043 0.02274 0.01682 0.01231 0.008927 0.006408 0.004547 0.00319 0.002217 0.001524 0.001037 0.000698 0.0004651 0.0003067 0.0002004 0.0001299 8.363e-05 5.349e-05 3.405e-05 2.162e-05 1.373e-05 8.721e-06 5.537e-06 3.509e-06 2.215e-06 1.39e-06 8.632e-07 5.281e-07 3.164e-07 1.846e-07 1.044e-07 5.69e-08 2.963e-08 1.464e-08 6.823e-09 1e-30 1e-30 1e-30 1e-30 1e-30 1e-30 1e-30 1e-30 1e-30 1e-30 1e-30 1e-30 1e-30 1e-30
 1e-30 1e-30 1e-30 1e-30 1e-30 1e-30 1e-30 1e-30 1e-30 1e-30 1e-30 1e-30 1e-30 1e-30 31.16 34.56 37.65 40.62 43.61 46.39 48.54 49.81 50.1 49.35 47.79 45.68 43.2 40.5 37.78 35.65 34.06 32.51 30.93 29.25 27.66 26.27 24.92 23.57 22.22 20.85 19.47 18.1 16.74 15.4 14.11 12.85 11.65 10.5 9.425 8.412 7.47 6.598 5.797 5.066 4.403 3.805 3.268 2.79 2.368 1.998 1.676 1.396 1.154 0.9471 0.7719 0.6244 0.5011 0.3989 0.3151 0.2468 0.1916 0.1473 0.1123 0.08489 0.06353 0.04706 0.03454 0.02511 0.01807 0.01288 0.009083 0.006344 0.004392 0.003014 0.002051 0.001384 0.0009271 0.0006177 0.0004098 0.000271 0.0001785 0.000117 7.634e-05 4.943e-05 3.171e-05 2.008e-05 1.25e-05 7.617e-06 4.521e-06 2.599e-06 1.436e-06 7.575e-07 3.788e-07 1e-30 1e-30 1e-30 1e-30 1e-30 1e-30 1e-30 1e-30 1e-30 1e-30 1e-30 1e-30 1e-30 1e-30
 1e-30 1e-30 1e-30 1e-30 1e-30 1e-30 1e-30 1e-30 1e-30 1e-30 1e-30 1e-30 1e-30 1e-30 51.5 56.43 61.04 65.53 70.03 74.24 77.75 80.29 81.72 81.98 81.31 79.98 78.2 76.09 73.85 72.14 70.88 69.54 68.03 66.26 64.5 62.87 61.17 59.34 57.38 55.25 52.97 50.56 48.05 45.46 42.81 40.12 37.42 34.74 32.1 29.51 27 24.59 22.27 20.07 18 16.05 14.23 12.55 11.01 9.603 8.328 7.176 6.143 5.225 4.415 3.706 3.089 2.556 2.1 1.713 1.386 1.112 0.8848 0.6987 0.547 0.4244 0.3264 0.2488 0.1879 0.1406 0.1042 0.07651 0.05571 0.0402 0.02875 0.02038 0.01432 0.009993 0.006924 0.004768 0.003261 0.002214 0.001493 0.0009973 0.0006591 0.0004299 0.0002758 0.0001734 0.0001064 6.344e-05 3.653e-05 2.02e-05 1.066e-05 1e-30 1e-30 1e-30 1e-30 1e-30 1e-30 1e-30 1e-30 1e-30 1e-30 1e-30 1e-30 1e-30 1e-30
 1e-30 1e-30 1e-30 1e-30 1e-30 1e-30 1e-30 1e-30 1e-30 1e-30 1e-30 1e-30 1e-30 1e-30 70.71 77.83 84.67 91.4 98.06 104.3 109.8 114.2 117.5 119.5 120.2 120.3 120.1 119.8 119.5 119.8 120.5 121.1 121.5 121.6 121.6 121.6 121.4 120.9 120 118.7 116.9 114.7 112.1 109.1 105.7 102 97.91 93.58 89.02 84.28 79.41 74.46 69.47 64.5 59.57 54.73 50.03 45.48 41.14 37.01 33.11 29.46 26.05 22.9 20.01 17.38 15 12.87 10.96 9.277 7.794 6.501 5.384 4.426 3.611 2.922 2.345 1.867 1.473 1.153 0.8937 0.6868 0.5233 0.3952 0.2958 0.2192 0.161 0.1172 0.08458 0.06052 0.04292 0.03016 0.021 0.01446 0.009839 0.006604 0.004361 0.002826 0.001791 0.001107 0.0006636 0.0003843 0.000214 1e-30 1e-30 1e-30 1e-30 1e-30 1e-30 1e-30 1e-30 1e-30 1e-30 1e-30 1e-30 1e-30 1e-30
 1e-30 1e-30 1e-30 1e-30 1e-30 1e-30 1e-30 1e-30 1e-30 1e-30 1e-30 1e-30 1e-30 1e-30 104.3 114.4 124.2 134 143.8 153.2 162 169.8 176.5 182 186.3 189.6 192.5 195.2 198.2 202 206.4 210.7 214.9 218.8 222.6 226.5 230 233 235.4 237.1 238.1 238.3 237.6 236.1 233.7 230.4 226.3 221.3 215.5 209 201.9 194.1 185.7 176.9 167.8 158.4 148.7 139 129.3 119.7 110.2 101 92.06 83.46 75.24 67.46 60.14 53.31 46.98 41.14 35.8 30.95 26.59 22.69 19.23 16.17 13.5 11.18 9.19 7.492 6.055 4.851 3.853 3.034 2.366 1.827 1.397 1.058 0.7927 0.588 0.4315 0.3132 0.2248 0.1594 0.1116 0.07701 0.0523 0.03487 0.02278 0.01452 0.009006 0.005405 0.003125 1e-30 1e-30 1e-30 1e-30 1e-30 1e-30 1e-30 1e-30 1e-30 1e-30 1e-30 1e-30 1e-30 1e-30
 1e-30 1e-30 1e-30 1e-30 1e-30 1e-30 1e-30 1e-30 1e-30 1e-30 1e-30 1e-30 1e-30 1e-30 149.8 163.7 177.5 191.5 205.8 220 233.8 246.9 259.1 270.4 280.6 289.9 298.8 307.8 317.1 327.7 339 350.6 362.3 373.9 385.7 397.6 409.2 420.4 430.8 440.5 449.1 456.6 462.8 467.7 471.1 473 473.2 471.8 468.7 463.8 457.3 449.1 439.2 427.8 414.9 400.7 385.3 368.8 351.5 333.4 314.8 295.8 276.7 257.5 238.4 219.6 201.3 183.5 166.4 150.1 134.5 119.9 106.3 93.6 81.92 71.23 61.5 52.72 44.87 37.91 31.77 26.41 21.77 17.79 14.41 11.56 9.178 7.216 5.612 4.317 3.282 2.465 1.828 1.338 0.9649 0.6855 0.4789 0.3286 0.221 0.1453 0.0932 0.0581 0.03508 1e-30 1e-30 1e-30 1e-30 1e-30 1e-30 1e-30 1e-30 1e-30 1e-30 1e-30 1e-30 1e-30 1e-30
 1e-30 1e-30 1e-30 1e-30 1e-30 1e-30 1e-30 1e-30 1e-30 1e-30 1e-30 1e-30 1e-30 1e-30 209.5 228.4 247.7 267.7 288.4 309.5 330.7 351.7 372.3 392.3 411.6 430.6 449.7 469.1 489.4 511.7 535.3 559.8 585 610.9 637.5 664.8 692.3 719.8 746.9 773.4 799.1 823.7 847 868.7 888.7 906.6 922.2 935.3 945.7 953.1 957.5 958.6 956.5 950.9 941.8 929.3 913.4 894.3 872.1 846.9 819 788.6 755.9 721.5 685.5 648.2 610 571.4 532.5 493.7 455.4 417.8 381.3 346 312.2 279.9 249.4 220.6 193.9 169.2 146.6 125.9 107.3 90.69 75.95 63.01 51.75 42.07 33.83 26.9 21.14 16.4 12.57 9.496 7.075 5.193 3.751 2.662 1.855 1.266 0.8444 0.5488 0.3464 1e-30 1e-30 1e-30 1e-30 1e-30 1e-30 1e-30 1e-30 1e-30 1e-30 1e-30 1e-30 1e-30 1e-30
 1e-30 1e-30 1e-30 1e-30 1e-30 1e-30 1e-30 1e-30 1e-30 1e-30 1e-30 1e-30 1e-30 1e-30 285.2 311 337.7 365.7 395.1 425.8 457.4 489.7 522.3 555 587.7 621 655.3 690.8 728.1 768.7 811.8 856.9 904.2 953.3 1005 1058 1113 1169 1226 1283 1341 1398 1456 1512 1567 1620 1671 1719 1765 1806 1844 1876 1904 1926 1942 1952 1955 1952 1942 1925 1900 1869 1831 1787 1736 1680 1619 1552 1482 1408 1332 1253 1173 1092 1011 931 851.9 774.6 699.8 628 559.5 494.7 434 377.6 325.7 278.3 235.5 197.3 163.5 134.1 108.6 86.91 68.68 53.55 41.17 31.19 23.26 17.05 12.28 8.657 5.966 4.006 2.61 1e-30 1e-30 1e-30 1e-30 1e-30 1e-30 1e-30 1e-30 1e-30 1e-30 1e-30 1e-30 1e-30 1e-30
 1e-30 1e-30 1e-30 1e-30 1e-30 1e-30 1e-30 1e-30 1e-30 1e-30 1e-30 1e-30 1e-30 1e-30 377.3 411.6 447.6 485.7 526.3 569.1 614 660.7 709.1 758.8 809.6 862.4 917.7 975.6 1037 1103 1174 1249 1328 1411 1499 1591 1687 1787 1891 1997 2106 2218 2332 2447 2564 2681 2798 2914 3028 3140 3249 3353 3451 3544 3629 3706 3774 3832 3879 3914 3936 3946 3941 3922 3890 3842 3781 3705 3616 3513 3398 3271 3135 2989 2835 2674 2508 2338 2166 1994 1823 1654 1489 1330 1178 1034 898.5 773.2 658.3 554.4 461.6 379.7 308.5 247.4 195.8 152.8 117.6 89.06 66.39 48.64 34.97 24.65 17 1e-30 1e-30 1e-30 1e-30 1e-30 1e-30 1e-30 1e-30 1e-30 1e-30 1e-30 1e-30 1e-30 1e-30
 1e-30 1e-30 1e-30 1e-30 1e-30 1e-30 1e-30 1e-30 1e-30 1e-30 1e-30 1e-30 1e-30 1e-30 504.8 551.2 600.5 653.3 709.9 770.3 834.4 902.3 973.9 1049 1127 1210 1297 1390 1489 1595 1710 1832 1962 2100 2247 2404 2569 2742 2924 3115 3314 3522 3738 3961 4192 4430 4674 4923 5177 5434 5694 5954 6214 6471 6725 6972 7213 7443 7661 7865 8052 8220 8368 8491 8590 8661 8702 8713 8692 8638 8549 8425 8267 8075 7848 7590 7301 6984 6641 6275 5890 5490 5078 4661 4242 3826 3419 3025 2648 2294 1965 1664 1392 1150 938.6 756.1 601.1 471.3 364.2 277.2 207.7 152.9 110.4 1e-30 1e-30 1e-30 1e-30 1e-30 1e-30 1e-30 1e-30 1e-30 1e-30 1e-30 1e-30 1e-30 1e-30
 1e-30 1e-30 1e-30 1e-30 1e-30 1e-30 1e-30 1e-30 1e-30 1e-30 1e-30 1e-30 1e-30 1e-30 663.3 725.2 791.5 863 940.1 1023 1112 1207 1308 1416 1531 1652 1783 1922 2071 2232 2406 2593 2794 3008 3239 3485 3747 4026 4323 4637 4969 5319 5689 6078 6486 6914 7361 7828 8312 8814 9334 9869 10420 10980 11550 12130 12720 13310 13900 14480 15060 15620 16170 16690 17180 17640 18060 18440 18760 19020 19220 19360 19410 19390 19280 19090 18800 18420 17950 17390 16740 16010 15200 14320 13380 12400 11380 10350 9317 8300 7314 6373 5490 4674 3933 3271 2687 2180 1747 1382 1079 830.6 629.8 1e-30 1e-30 1e-30 1e-30 1e-30 1e-30 1e-30 1e-30 1e-30 1e-30 1e-30 1e-30 1e-30 1e-30
 1e-30 1e-30 1e-30 1e-30 1e-30 1e-30 1e-30 1e-30 1e-30 1e-30 1e-30 1e-30 1e-30 1e-30 867.5 949.6 1038 1134 1238 1351 1473 1604 1745 1896 2058 2233 2421 2623 2840 3077 3333 3609 3907 4229 4576 4949 5350 5779 6240 6732 7258 7819 8417 9053 9729 10450 11210 12010 12860 13750 14690 15670 16700 17780 18900 20060 21270 22510 23790 25110 26450 27810 29180 30560 31940 33300 34650 35960 37220 38410 39530 40560 41470 42250 42890 43350 43630 43710 43570 43190 42570 41700 40580 39200 37590 35750 33710 31500 29150 26720 24240 21750 19310 16960 14730 12660 10750 9036 7508 6168 5010 4021 3187 1e-30 1e-30 1e-30 1e-30 1e-30 1e-30 1e-30 1e-30 1e-30 1e-30 1e-30 1e-30 1e-30 1e-30
 1e-30 1e-30 1e-30 1e-30 1e-30 1e-30 1e-30 1e-30 1e-30 1e-30 1e-30 1e-30 1e-30 1e-30 1144 1254 1373 1503 1644 1797 1963 2144 2339 2551 2779 3027 3295 3584 3898 4240 4611 5014 5451 5925 6438 6993 7594 8241 8940 9693 10500 11380 12310 13320 14400 15560 16800 18120 19530 21040 22640 24350 26160 28080 30110 32260 34520 36900 39400 42020 44750 47590 50540 53590 56730 59950 63240 66570 69940 73320 76670 79970 83180 86260 89170 91850 94260 96340 98030 99280 100000 100200 99810 98760 97060 94690 91670 88010 83780 79040 73870 68390 62700 56910 51150 45510 40090 34970 30190 25820 21850 18310 15180 1e-30 1e-30 1e-30 1e-30 1e-30 1e-30 1e-30 1e-30 1e-30 1e-30 1e-30 1e-30 1e-30 1e-30
