 14
 5.5 5.6 5.7 5.8 5.9 6 6.1 6.2 6.3 6.4 6.5 6.6 6.7 6.8
 1
 14.2041
 117
 0.047863 0.0501187 0.0524807 0.0549541 0.057544 0.060256 0.0630957 0.0660694 0.0691831 0.0724436 0.0758578 0.0794328 0.0831764 0.0870964 0.0912011 0.0954993 0.1 0.104713 0.109648 0.114815 0.120226 0.125893 0.131826 0.138038 0.144544 0.151356 0.158489 0.165959 0.17378 0.18197 0.190546 0.199526 0.20893 0.218776 0.229087 0.239883 0.251189 0.263027 0.275423 0.288403 0.301995 0.316228 0.331131 0.346737 0.363078 0.380189 0.398107 0.416869 0.436516 0.457088 0.47863 0.501187 0.524807 0.549541 0.57544 0.60256 0.630957 0.660693 0.691831 0.724436 0.758578 0.794328 0.831764 0.870964 0.912011 0.954993 1 1.04713 1.09648 1.14815 1.20226 1.25893 1.31826 1.38038 1.44544 1.51356 1.58489 1.65959 1.7378 1.8197 1.90546 1.99526 2.0893 2.18776 2.29087 2.39883 2.51189 2.63027 2.75423 2.88403 3.01995 3.16228 3.31131 3.46737 3.63078 3.80189 3.98107 4.16869 4.36516 4.57088 4.7863 5.01187 5.24807 5.49541 5.7544 6.0256 6.30957 6.60693 6.91831 7.24436 7.58578 7.94328 8.31764 8.70964 9.12011 9.54993 10
 1e-30 1e-30 1e-30 1e-30 1e-30 1e-30 1e-30 1e-30 1e-30 1e-30 1e-30 1e-30 1e-30 1e-30 11.73 12.64 13.35 13.89 14.25 14.29 13.93 13.12 11.99 10.69 9.278 7.707 6.153 4.727 3.73 3.147 2.882 2.632 2.426 2.251 2.1 1.977 1.861 1.752 1.647 1.545 1.445 1.348 1.254 1.163 1.076 0.9916 0.9109 0.8333 0.7594 0.6887 0.6219 0.5585 0.4986 0.4427 0.3908 0.3428 0.2986 0.2585 0.2221 0.1897 0.1608 0.1354 0.1132 0.0939 0.07735 0.06325 0.05129 0.04127 0.03294 0.02609 0.02048 0.01594 0.0123 0.0094 0.007115 0.005336 0.003958 0.002906 0.002109 0.001516 0.001077 0.0007564 0.0005242 0.0003587 0.000242 0.0001608 0.0001054 6.799e-05 4.312e-05 2.698e-05 1.664e-05 1.004e-05 5.935e-06 3.405e-06 1.901e-06 1.027e-06 5.331e-07 2.651e-07 1.257e-07 5.644e-08 2.393e-08 9.483e-09 3.477e-09 1e-30 1e-30 1e-30 1e-30 1e-30 1e-30 1e-30 1e-30 1e-30 1e-30 1e-30 1e-30 1e-30 1e-30
 1e-30 1e-30 1e-30 1e-30 1e-30 1e-30 1e-30 1e-30 1e-30 1e-30 1e-30 1e-30 1e-30 1e-30 20.22 21.65 22.86 23.86 24.62 24.97 24.73 23.77 22.28 20.48 18.59 16.43 14.16 11.85 10.02 8.885 8.26 7.699 7.22 6.813 6.457 6.154 5.863 5.581 5.306 5.033 4.763 4.498 4.239 3.986 3.738 3.497 3.263 3.036 2.816 2.603 2.398 2.201 2.011 1.829 1.657 1.493 1.338 1.193 1.058 0.9326 0.8173 0.7119 0.6161 0.5297 0.4526 0.384 0.3235 0.2706 0.2247 0.1853 0.1515 0.1229 0.09895 0.079 0.06251 0.04903 0.03809 0.02931 0.02231 0.01683 0.01255 0.009253 0.006741 0.004851 0.003444 0.002412 0.001665 0.001132 0.0007573 0.0004991 0.0003236 0.0002056 0.000128 7.758e-05 4.59e-05 2.641e-05 1.469e-05 7.904e-06 4.096e-06 2.037e-06 9.704e-07 4.393e-07 1.875e-07 1e-30 1e-30 1e-30 1e-30 1e-30 1e-30 1e-30 1e-30 1e-30 1e-30 1e-30 1e-30 1e-30 1e-30
 1e-30 1e-30 1e-30 1e-30 1e-30 1e-30 1e-30 1e-30 1e-30 1e-30 1e-30 1e-30 1e-30 1e-30 34.18 36.45 38.51 40.34 41.85 42.87 43.25 42.75 41.4 39.4 37.02 34.27 31.38 28.33 25.63 23.83 22.7 21.69 20.79 20.01 19.32 18.69 18.06 17.43 16.78 16.12 15.45 14.77 14.09 13.41 12.74 12.07 11.42 10.77 10.15 9.53 8.931 8.346 7.776 7.224 6.688 6.17 5.667 5.185 4.723 4.284 3.867 3.472 3.101 2.754 2.432 2.135 1.863 1.615 1.391 1.191 1.012 0.8531 0.7145 0.594 0.4898 0.4006 0.3249 0.2612 0.208 0.1642 0.1282 0.09907 0.07571 0.0572 0.04265 0.0314 0.02279 0.0163 0.01147 0.007952 0.005415 0.003616 0.002367 0.001512 0.0009438 0.0005737 0.0003384 0.0001934 0.0001067 5.67e-05 2.889e-05 1.404e-05 6.461e-06 1e-30 1e-30 1e-30 1e-30 1e-30 1e-30 1e-30 1e-30 1e-30 1e-30 1e-30 1e-30 1e-30 1e-30
 1e-30 1e-30 1e-30 1e-30 1e-30 1e-30 1e-30 1e-30 1e-30 1e-30 1e-30 1e-30 1e-30 1e-30 53.64 57.18 60.55 63.67 66.44 68.71 70.33 71.01 70.68 69.43 67.48 64.9 62.07 58.94 56 54 52.7 51.52 50.46 49.52 48.67 47.84 46.93 45.93 44.84 43.65 42.38 41.04 39.65 38.21 36.75 35.26 33.76 32.27 30.79 29.32 27.87 26.43 25.02 23.64 22.28 20.93 19.62 18.33 17.07 15.84 14.64 13.48 12.36 11.28 10.24 9.254 8.317 7.434 6.608 5.837 5.125 4.47 3.874 3.334 2.849 2.416 2.033 1.697 1.405 1.153 0.9372 0.7539 0.6005 0.4732 0.3682 0.2831 0.2147 0.1605 0.1182 0.08568 0.06101 0.04262 0.02918 0.01954 0.01277 0.008137 0.005039 0.003026 0.001756 0.0009833 0.0005289 0.0002721 0.0001333 1e-30 1e-30 1e-30 1e-30 1e-30 1e-30 1e-30 1e-30 1e-30 1e-30 1e-30 1e-30 1e-30 1e-30
 1e-30 1e-30 1e-30 1e-30 1e-30 1e-30 1e-30 1e-30 1e-30 1e-30 1e-30 1e-30 1e-30 1e-30 67.11 72.33 77.39 82.16 86.5 90.26 93.26 95.2 96.08 96.16 95.64 94.47 93.1 91.41 89.89 89.38 89.6 90 90.59 91.35 92.21 93 93.62 94 94.1 93.93 93.47 92.73 91.72 90.46 88.97 87.24 85.32 83.22 80.97 78.59 76.09 73.5 70.83 68.12 65.34 62.52 59.66 56.79 53.9 51.02 48.14 45.27 42.42 39.6 36.82 34.09 31.42 28.83 26.32 23.91 21.6 19.4 17.32 15.37 13.56 11.87 10.32 8.911 7.633 6.484 5.461 4.555 3.763 3.078 2.487 1.987 1.568 1.219 0.9348 0.7052 0.523 0.3807 0.2717 0.1898 0.1295 0.08615 0.05581 0.03509 0.02137 0.01258 0.007141 0.003893 0.002031 1e-30 1e-30 1e-30 1e-30 1e-30 1e-30 1e-30 1e-30 1e-30 1e-30 1e-30 1e-30 1e-30 1e-30
 1e-30 1e-30 1e-30 1e-30 1e-30 1e-30 1e-30 1e-30 1e-30 1e-30 1e-30 1e-30 1e-30 1e-30 96.65 104.2 111.8 119.1 126.1 132.7 138.4 143 146.4 148.3 149.7 150.8 152.1 153.1 154.3 156.6 159.8 163.3 167.1 171.1 175.3 179.5 183.3 186.9 190 192.6 194.8 196.4 197.5 198 198 197.5 196.4 194.8 192.7 190.2 187.2 183.8 180 175.9 171.4 166.7 161.7 156.4 151 145.4 139.6 133.6 127.5 121.4 115.1 108.8 102.4 96.02 89.67 83.36 77.15 71.04 65.08 59.28 53.7 48.35 43.25 38.43 33.9 29.68 25.78 22.19 18.92 15.98 13.35 11.03 9.003 7.248 5.754 4.497 3.457 2.61 1.933 1.402 0.9937 0.6876 0.4637 0.304 0.1933 0.1191 0.0709 0.04066 0.02239 1e-30 1e-30 1e-30 1e-30 1e-30 1e-30 1e-30 1e-30 1e-30 1e-30 1e-30 1e-30 1e-30 1e-30
 1e-30 1e-30 1e-30 1e-30 1e-30 1e-30 1e-30 1e-30 1e-30 1e-30 1e-30 1e-30 1e-30 1e-30 138.3 149.2 160.3 171.6 182.8 193.8 204.2 213.6 221.6 228 233 238 243.7 249.7 256.1 264 273.1 282.9 293.4 304.4 315.8 327.4 338.8 349.9 360.5 370.7 380.2 389.1 397.2 404.5 410.8 416.2 420.6 424 426.4 427.7 427.9 427 425.1 422.2 418.3 413.4 407.6 400.8 393.2 384.8 375.7 365.8 355.1 343.8 331.8 319.3 306.2 292.6 278.6 264.1 249.5 234.6 219.5 204.4 189.4 174.5 159.8 145.4 131.4 117.9 105 92.75 81.19 70.4 60.4 51.27 43 35.59 29.06 23.36 18.48 14.37 10.96 8.192 5.99 4.279 2.982 2.023 1.334 0.8533 0.5289 0.3168 0.183 1e-30 1e-30 1e-30 1e-30 1e-30 1e-30 1e-30 1e-30 1e-30 1e-30 1e-30 1e-30 1e-30 1e-30
 1e-30 1e-30 1e-30 1e-30 1e-30 1e-30 1e-30 1e-30 1e-30 1e-30 1e-30 1e-30 1e-30 1e-30 191 206.4 222.4 239 256.1 273.4 290.7 307.4 323 336.9 349 361.2 374.7 388.9 403.9 421.2 440.3 460.8 482.8 506 530.2 555.1 580.3 605.7 631 656.2 681 705.4 729.2 752.2 774.3 795.2 815 833.4 850.4 865.8 879.4 891.2 901 908.9 914.7 918.4 920 919.3 916.6 911.6 904.5 895.2 883.7 870.1 854.4 836.6 816.7 795 771.3 745.8 718.7 689.9 659.5 627.8 595 561 526.3 490.9 455.1 419.2 383.5 348.1 313.4 279.6 247.2 216.2 187 159.7 134.7 111.9 91.54 73.63 58.16 45.06 34.19 25.37 18.39 13 8.945 5.989 3.894 2.454 1.497 1e-30 1e-30 1e-30 1e-30 1e-30 1e-30 1e-30 1e-30 1e-30 1e-30 1e-30 1e-30 1e-30 1e-30
 1e-30 1e-30 1e-30 1e-30 1e-30 1e-30 1e-30 1e-30 1e-30 1e-30 1e-30 1e-30 1e-30 1e-30 259.3 280.9 303.8 327.8 353.1 379.4 406.5 433.8 461 487.1 511.3 536.2 563.1 591.1 620.8 653.8 689.9 728.8 770.5 814.6 861.1 909.4 959.2 1010 1063 1116 1170 1224 1279 1334 1388 1443 1496 1549 1600 1650 1698 1743 1786 1826 1864 1897 1928 1954 1976 1994 2008 2017 2022 2021 2016 2005 1989 1968 1941 1910 1872 1830 1782 1728 1669 1606 1537 1464 1387 1306 1222 1135 1046 956.7 867 778.1 690.7 606.1 525.1 448.8 377.9 313.1 254.9 203.8 159.7 122.6 92 67.44 48.24 33.63 22.81 15.04 9.618 1e-30 1e-30 1e-30 1e-30 1e-30 1e-30 1e-30 1e-30 1e-30 1e-30 1e-30 1e-30 1e-30 1e-30
 1e-30 1e-30 1e-30 1e-30 1e-30 1e-30 1e-30 1e-30 1e-30 1e-30 1e-30 1e-30 1e-30 1e-30 342 371.6 403.1 436.7 472.5 510.3 549.9 591.1 633.5 676.1 718 761.6 808.3 857.2 909 965.9 1028 1095 1166 1243 1324 1409 1498 1590 1686 1786 1889 1995 2104 2216 2330 2445 2563 2681 2800 2920 3038 3156 3272 3386 3497 3604 3707 3805 3897 3983 4063 4135 4198 4253 4299 4334 4359 4374 4376 4367 4344 4309 4261 4198 4121 4029 3923 3802 3666 3516 3353 3176 2987 2787 2579 2365 2146 1926 1708 1496 1291 1097 917.4 753.9 608.1 481 372.7 282.6 209.5 151.8 107.4 74.06 49.81 1e-30 1e-30 1e-30 1e-30 1e-30 1e-30 1e-30 1e-30 1e-30 1e-30 1e-30 1e-30 1e-30 1e-30
 1e-30 1e-30 1e-30 1e-30 1e-30 1e-30 1e-30 1e-30 1e-30 1e-30 1e-30 1e-30 1e-30 1e-30 457.9 498.9 543 590.5 641.4 695.9 753.9 815.3 880 947.1 1016 1089 1166 1249 1337 1433 1537 1649 1771 1901 2040 2188 2344 2509 2683 2866 3058 3260 3470 3690 3919 4157 4403 4657 4919 5188 5463 5744 6029 6318 6609 6902 7194 7484 7771 8052 8326 8593 8848 9090 9318 9530 9723 9895 10050 10170 10270 10340 10380 10390 10360 10300 10200 10050 9865 9634 9357 9034 8666 8253 7799 7306 6780 6227 5654 5073 4491 3920 3369 2850 2370 1935 1551 1220 939.9 709.6 524.5 379.5 268.5 1e-30 1e-30 1e-30 1e-30 1e-30 1e-30 1e-30 1e-30 1e-30 1e-30 1e-30 1e-30 1e-30 1e-30
 1e-30 1e-30 1e-30 1e-30 1e-30 1e-30 1e-30 1e-30 1e-30 1e-30 1e-30 1e-30 1e-30 1e-30 599.9 655.2 715 779.8 849.9 925.5 1007 1094 1187 1285 1389 1500 1619 1746 1883 2032 2194 2369 2560 2765 2985 3222 3475 3745 4033 4339 4665 5012 5379 5768 6179 6613 7070 7550 8054 8581 9132 9707 10300 10920 11560 12220 12900 13590 14290 15000 15730 16450 17170 17890 18600 19300 19970 20620 21240 21820 22360 22840 23270 23640 23930 24150 24270 24310 24230 24050 23760 23340 22790 22100 21290 20340 19270 18090 16800 15430 14000 12530 11070 9636 8259 6965 5777 4711 3775 2972 2299 1747 1303 1e-30 1e-30 1e-30 1e-30 1e-30 1e-30 1e-30 1e-30 1e-30 1e-30 1e-30 1e-30 1e-30 1e-30
 1e-30 1e-30 1e-30 1e-30 1e-30 1e-30 1e-30 1e-30 1e-30 1e-30 1e-30 1e-30 1e-30 1e-30 785.6 859.8 940.5 1028 1124 1227 1339 1460 1591 1731 1881 2042 2217 2405 2608 2830 3072 3335 3622 3932 4268 4630 5021 5442 5895 6382 6906 7468 8070 8715 9405 10140 10930 11770 12660 13600 14610 15670 16800 17980 19230 20550 21920 23360 24860 26410 28020 29690 31390 33140 34920 36720 38540 40350 42160 43950 45690 47380 48990 50510 51920 53180 54290 55220 55930 56410 56630 56550 56170 55440 54370 52930 51120 48950 46430 43590 40490 37160 33690 30150 26610 23160 19860 16780 13970 11460 9257 7366 5773 1e-30 1e-30 1e-30 1e-30 1e-30 1e-30 1e-30 1e-30 1e-30 1e-30 1e-30 1e-30 1e-30 1e-30
 1e-30 1e-30 1e-30 1e-30 1e-30 1e-30 1e-30 1e-30 1e-30 1e-30 1e-30 1e-30 1e-30 1e-30 1034 1134 1242 1361 1491 1632 1786 1954 2136 2333 2546 2776 3027 3300 3595 3919 4273 4660 5081 5540 6040 6582 7172 7811 8503 9254 10070 10950 11900 12920 14030 15230 16520 17910 19410 21010 22740 24590 26580 28700 30970 33400 35970 38720 41630 44710 47960 51380 54980 58740 62670 66760 70990 75340 79820 84370 89000 93650 98300 102900 107400 111800 115900 119800 123300 126500 129100 131200 132600 133200 133000 132000 130000 127100 123100 118300 112500 105900 98610 90790 82610 74260 65930 57800 50040 42780 36120 30110 24800 1e-30 1e-30 1e-30 1e-30 1e-30 1e-30 1e-30 1e-30 1e-30 1e-30 1e-30 1e-30 1e-30 1e-30
