 14
 5.50515 5.60206 5.69897 5.79934 5.89763 6 6.11394 6.20412 6.30103 6.39794 6.50515 6.60206 6.69897 6.79934
 1
 14.3802
 117
 0.047863 0.0501187 0.0524807 0.0549541 0.057544 0.060256 0.0630957 0.0660693 0.0691831 0.0724436 0.0758578 0.0794328 0.0831764 0.0870964 0.0912011 0.0954993 0.1 0.104713 0.109648 0.114815 0.120226 0.125893 0.131826 0.138038 0.144544 0.151356 0.158489 0.165959 0.17378 0.18197 0.190546 0.199526 0.20893 0.218776 0.229087 0.239883 0.251189 0.263027 0.275423 0.288403 0.301995 0.316228 0.331131 0.346737 0.363078 0.380189 0.398107 0.416869 0.436516 0.457088 0.47863 0.501187 0.524807 0.549541 0.57544 0.60256 0.630957 0.660693 0.691831 0.724436 0.758578 0.794328 0.831764 0.870964 0.912011 0.954993 1 1.04713 1.09648 1.14815 1.20226 1.25893 1.31826 1.38038 1.44544 1.51356 1.58489 1.65959 1.7378 1.8197 1.90546 1.99526 2.0893 2.18776 2.29087 2.39883 2.51189 2.63027 2.75423 2.88403 3.01995 3.16228 3.31131 3.46737 3.63078 3.80189 3.98107 4.16869 4.36516 4.57088 4.7863 5.01187 5.24807 5.49541 5.7544 6.0256 6.30957 6.60693 6.91831 7.24436 7.58578 7.94328 8.31764 8.70964 9.12011 9.54993 10
 13.3103 13.8152 14.155 14.346 14.433 14.3073 14.0905 13.641 13.0753 12.2615 11.3264 10.2095 8.9737 7.67042 6.40341 5.21125 4.15232 3.25285 2.58637 3.82297 21.8186 19.6144 16.9823 14.342 11.8651 9.58541 7.64989 6.30475 5.59955 6.59256 12.3135 9.8635 6.66238 3.92603 0.676764 2.75749 1.12367 0.0910897 2.29915 3.43144 3.28209 2.63126 2.17298 1.85052 1.52783 1.24179 0.997055 0.794013 0.626038 0.490469 0.375665 0.289093 0.219069 0.166383 0.123851 0.0917476 0.067206 0.0487911 0.0350007 0.0250206 0.0177076 0.0124943 0.00872726 0.00608194 0.00418345 0.00287152 0.00195994 0.00132228 0.00088704 0.000589236 0.00038735 0.000251957 0.000161551 0.000102762 6.39212e-05 3.96055e-05 2.41923e-05 1.45458e-05 8.73044e-06 5.17433e-06 3.04742e-06 1.78199e-06 1.03164e-06 5.92506e-07 3.35949e-07 1.8916e-07 1.05183e-07 5.80585e-08 3.19017e-08 1.76086e-08 9.64703e-09 5.19186e-09 2.77474e-09 1.45821e-09 7.56798e-10 3.84796e-10 1.92771e-10 9.46033e-11 4.54877e-11 2.1756e-11 1.01347e-11 4.57658e-12 1.98955e-12 8.21189e-13 3.22691e-13 1.18256e-13 4.00314e-14 1.23148e-14 3.44753e-15 8.66541e-16 1.95044e-16 3.88063e-17 6.80678e-18 1.04708e-18 1.40938e-19 1.6455e-20 1.67257e-21
 16.4187 17.2927 17.9444 18.4141 18.7593 18.8573 18.8542 18.5658 18.1442 17.4182 16.5347 15.4114 14.102 12.6544 11.1665 9.66102 8.20603 6.85368 5.65633 8.32149 35.4695 32.9325 29.6964 26.2464 22.8432 19.4949 16.5097 14.4943 13.6918 16.4283 26.9571 23.5771 20.6897 19.0907 19.3266 20.199 10.3889 12.7835 13.5829 13.2768 12.0211 9.85754 8.39465 7.31152 6.24573 5.27662 4.43049 3.6924 3.05857 2.52272 2.04569 1.66518 1.33922 1.08079 0.857145 0.678754 0.532144 0.414608 0.319434 0.245698 0.187164 0.141955 0.106787 0.0800064 0.0590804 0.0435143 0.0318142 0.023058 0.016525 0.0117886 0.00829621 0.00577374 0.00397556 0.0027143 0.00181343 0.00120914 0.000792768 0.000512321 0.000330922 0.000208893 0.00013129 8.12095e-05 4.97871e-05 3.02356e-05 1.81195e-05 1.07714e-05 6.31799e-06 3.6828e-06 2.13732e-06 1.2437e-06 7.1853e-07 4.08536e-07 2.31624e-07 1.28942e-07 7.13631e-08 3.87904e-08 2.08643e-08 1.10287e-08 5.76045e-09 2.99529e-09 1.52307e-09 7.54952e-10 3.61517e-10 1.6559e-10 7.2319e-11 2.9687e-11 1.13848e-11 4.02335e-12 1.31419e-12 3.91628e-13 1.06057e-13 2.58841e-14 5.65495e-15 1.10309e-15 1.91211e-16 2.93042e-17 3.95592e-18
 20.2834 21.7224 22.8582 23.7655 24.5193 24.9729 25.3051 25.2676 25.0532 24.4198 23.55 22.3135 20.7594 18.9507 17.0058 14.9517 12.8878 10.8949 9.02841 15.0462 55.9402 53.7133 50.4233 46.6176 42.6052 38.3052 34.2393 31.6958 31.3016 37.2972 54.0309 50.0374 46.7659 45.7391 48.4103 54.5327 53.097 43.7856 40.0657 37.858 34.7061 29.8219 26.4774 23.8233 21.1537 18.6144 16.3268 14.2231 12.3408 10.6761 9.11803 7.80771 6.62225 5.62769 4.71904 3.94975 3.27428 2.70194 2.20704 1.79865 1.45349 1.16723 0.931247 0.738665 0.578335 0.451209 0.349152 0.268717 0.203773 0.15448 0.115348 0.0852234 0.0625435 0.0454868 0.0324273 0.0231151 0.0161687 0.0111712 0.0076907 0.00517122 0.00347067 0.00228242 0.0014903 0.000961358 0.000611587 0.000385103 0.000238961 0.000147237 8.99383e-05 5.48902e-05 3.31417e-05 1.9762e-05 1.17237e-05 6.84531e-06 3.99243e-06 2.28949e-06 1.30356e-06 7.32137e-07 4.08787e-07 2.27648e-07 1.2424e-07 6.62407e-08 3.41554e-08 1.7026e-08 8.13959e-09 3.68871e-09 1.57584e-09 6.29305e-10 2.34224e-10 8.1097e-11 2.5826e-11 7.51945e-12 1.98677e-12 4.76208e-13 1.02653e-13 1.98095e-14 3.41568e-15
 25.763 28.1068 30.0476 31.7138 33.2054 34.3738 35.4067 36.0187 36.4229 36.3111 35.8852 34.9535 33.5289 31.6688 29.5296 27.0568 24.3782 21.5795 18.6678 32.0207 87.8668 87.007 84.7536 81.686 78.1121 73.7108 69.289 67.135 68.4748 79.7373 103.237 99.8992 97.5495 98.4367 104.668 115.243 116.367 103.174 96.3026 92.3661 87.1379 78.8533 73.02 68.0808 62.8678 57.6093 52.6666 47.8687 43.3371 39.1458 35.0024 31.3367 27.8359 24.7059 21.7298 19.0418 16.5357 14.3036 12.2728 10.4868 8.89825 7.49618 6.27808 5.22516 4.30126 3.5274 2.86784 2.32117 1.85448 1.47763 1.16481 0.907957 0.703946 0.54061 0.408936 0.30879 0.229103 0.168793 0.123456 0.0884371 0.0633283 0.0444689 0.0310395 0.0213486 0.0145161 0.00975669 0.00646776 0.00424896 0.00275974 0.00178046 0.00113312 0.000714735 0.000444252 0.000273034 0.000167251 0.000100588 6.00496e-05 3.54886e-05 2.08434e-05 1.22269e-05 7.06832e-06 4.0278e-06 2.24292e-06 1.23443e-06 6.61472e-07 3.44952e-07 1.74111e-07 8.46852e-08 3.9582e-08 1.77778e-08 7.52553e-09 2.98913e-09 1.10001e-09 3.74799e-10 1.16538e-10 3.3072e-11 8.46234e-12
 32.5809 36.165 39.2308 41.9838 44.5621 46.8329 48.9726 50.6839 52.1891 53.1342 53.7151 53.6928 53.0295 51.8177 50.0986 47.847 45.1243 41.9713 38.2764 63.2555 132.232 134.266 134.734 134.229 133.012 130.391 127.418 127.6 132.76 150.783 180.433 180.042 180.817 185.463 196.324 211.454 215.567 202.143 195.321 191.868 186.424 176.36 169.289 162.956 155.661 147.712 139.839 131.733 123.546 115.622 107.312 99.6111 91.7885 84.4042 77.1066 70.087 63.2102 56.7608 50.6861 44.9765 39.71 34.7975 30.3267 26.2773 22.5527 19.2996 16.3667 13.8146 11.5492 9.59459 7.92695 6.47366 5.25721 4.23057 3.36736 2.67074 2.08537 1.62385 1.25103 0.947161 0.716584 0.533031 0.39426 0.28679 0.207101 0.147819 0.104257 0.0727848 0.050249 0.0343217 0.0231282 0.015469 0.0101307 0.00658254 0.00425056 0.00269045 0.00168509 0.00104567 0.000642509 0.000393359 0.000236695 0.00014074 8.19062e-05 4.72182e-05 2.67048e-05 1.47292e-05 7.90991e-06 4.12237e-06 2.07363e-06 1.00927e-06 4.66518e-07 2.03775e-07 8.32794e-08 3.18508e-08 1.12365e-08 3.65013e-09 1.07996e-09
 41.7907 47.0571 51.7329 56.103 60.3404 64.3445 68.2663 71.8378 75.2543 78.1705 80.7541 82.76 84.0831 84.8876 85.1237 84.7501 83.7608 82.1033 79.4954 118.437 196.54 203.623 209.292 214.126 218.354 220.692 222.45 228.362 240.624 267.291 303.337 309.736 317.406 329.134 347.298 369.178 379.403 370.644 369.041 370.615 369.49 362.213 358.087 354.178 348.136 340.35 331.873 322.301 311.543 300.529 287.971 275.649 262.103 248.696 234.581 220.149 205.415 190.63 176.308 161.714 147.944 134.339 121.4 109.111 97.2 86.4685 76.2105 66.8392 58.217 50.3279 43.3441 36.9478 31.3181 26.3173 21.9388 18.2012 14.9179 12.1932 9.85543 7.86628 6.25956 4.91391 3.83692 2.94711 2.25276 1.70376 1.27501 0.943753 0.690747 0.500168 0.358036 0.253377 0.17608 0.121397 0.0830146 0.0555841 0.0367632 0.0240565 0.0155274 0.00991745 0.00624841 0.00387817 0.00235858 0.00141981 0.000840707 0.000487188 0.00027668 0.000153664 8.30531e-05 4.39019e-05 2.23415e-05 1.08945e-05 5.04788e-06 2.21896e-06 9.13316e-07 3.49652e-07 1.23652e-07
 54.6962 62.4317 69.5057 76.3146 83.0667 89.7155 96.4038 102.893 109.382 115.516 121.445 126.937 131.822 136.411 140.56 144.28 147.525 150.228 152.029 207.694 295.712 311.247 325.901 340.278 354.608 366.928 378.876 396.289 421.43 461.646 509.062 529.205 550.759 576.177 607.949 643.119 666.561 670.454 683.862 700.311 713.707 719.839 729.586 738.92 744.584 747.404 748.032 746.564 741.64 735.478 725.526 714.33 699.269 683.41 664.116 642.492 619.241 593.176 566.778 536.998 508.05 477.393 446.755 415.996 384.109 354.512 324.386 295.475 267.385 240.593 215.441 191.362 169.192 148.395 129.362 112.141 96.4432 82.4813 69.8787 58.7297 49.0758 40.5894 33.3772 27.0638 21.8498 17.4769 13.8453 10.846 8.40281 6.45962 4.91551 3.68295 2.72891 2.00113 1.45077 1.0352 0.728227 0.505277 0.345221 0.233164 0.154937 0.101294 0.0648813 0.0409479 0.0254522 0.0154755 0.00922271 0.00538362 0.00306604 0.00171445 0.000926948 0.000485089 0.000243635 0.000117156 5.34634e-05 2.30618e-05 9.31684e-06
 67.2986 77.4425 86.8789 96.1091 105.407 114.75 124.291 133.826 143.535 153.081 162.616 171.884 180.668 189.474 198.036 206.426 214.637 222.577 229.944 301.324 398.567 423.3 447.942 473.08 499.022 523.274 547.788 579.024 619.115 674.516 735.724 773.14 812.513 855.741 905.237 958.139 999.93 1022.58 1057.88 1096.63 1132.87 1162.07 1196 1229.61 1258.64 1284.59 1307.58 1328.01 1342.99 1356.12 1363.31 1367.6 1365.18 1360.51 1349.07 1332.81 1312.26 1284.78 1254.43 1216.77 1177.07 1132.7 1085.26 1035.44 980.523 927.222 870.594 814.473 756.566 699.708 644.011 588.486 535.665 484.013 435.056 388.77 345.432 304.783 266.896 232.199 200.662 172.068 146.561 123.472 103.487 86.0334 70.91 57.7911 46.6278 37.3943 29.6709 23.178 17.9682 13.7678 10.4223 7.78348 5.73574 4.15875 2.9696 2.09895 1.45649 0.993562 0.664195 0.435901 0.28149 0.17765 0.109612 0.0660283 0.0386829 0.0221121 0.0122138 0.00650896 0.00331959 0.00161772 0.000748062 0.00032619 0.00013332
 81.9231 95.1132 107.601 119.977 132.573 145.399 158.639 172.113 186.018 200.026 214.258 228.45 242.363 256.635 270.936 285.453 300.116 314.956 329.686 423.453 534.183 571.661 610.16 650.325 692.612 734.026 776.905 828.349 890.364 968.628 1052.62 1116.58 1183.95 1256.21 1335.44 1419.33 1493.19 1548.48 1620.62 1698.31 1774.94 1846.29 1924.7 2004.71 2080.3 2153.38 2224.96 2293.97 2356.85 2418.33 2472.47 2521.73 2562.9 2599.41 2625.89 2645.16 2655.18 2653.1 2643.17 2621.83 2589.72 2549.33 2497.85 2438.83 2366.93 2291.45 2205.29 2117.22 2017.48 1915.41 1810.68 1700.62 1591.14 1479.73 1368.92 1259.82 1154.14 1049.8 949.03 852.637 761.038 675.175 594.989 519.875 451.723 389.542 333.446 282.324 237.099 197.728 163.41 133.231 107.843 86.2541 68.1598 53.2749 41.0884 31.1313 23.2556 17.2201 12.4972 8.91916 6.23633 4.27712 2.88451 1.90426 1.22789 0.774457 0.476584 0.28692 0.167952 0.0956582 0.0527781 0.028184 0.0144962 0.00714722 0.00335336
 101.369 118.277 134.55 150.878 167.672 184.994 203.08 221.799 241.349 261.449 282.249 303.502 324.881 347.234 370.159 393.914 418.454 443.893 470.056 586.579 710.342 764.906 821.948 882.353 946.686 1011.72 1080.15 1159.3 1251.01 1360.12 1476.39 1577.5 1684.43 1798.37 1921.01 2051.14 2173.58 2278.94 2406.57 2543.63 2682.77 2820.6 2969.67 3124.91 3278.13 3431.18 3588.05 3743.95 3896.19 4050.04 4198.3 4340.59 4477.81 4609.05 4729.42 4841.85 4940.51 5023.43 5093.24 5147.99 5180.02 5199.77 5198.26 5178.36 5135.07 5077.57 4994.92 4902.92 4780.86 4646.45 4498.45 4329.49 4151.22 3961.46 3758.17 3551.64 3342.03 3123.36 2905.55 2685.04 2468.2 2255.03 2049.34 1848.39 1658.95 1476.48 1306.58 1146.47 998.248 861.233 737.85 625.266 525.885 437.251 359.313 292.457 234.89 185.538 144.617 111.748 84.5517 62.9949 45.9872 32.9089 23.1347 15.9589 10.7296 7.05805 4.53193 2.84347 1.73688 1.03265 0.595698 0.332809 0.179263 0.0926847 0.0457102
 126.175 147.703 168.871 190.447 212.863 236.259 260.892 286.686 313.904 342.317 372.059 402.901 434.562 468.053 502.852 539.378 577.607 617.8 659.898 807.954 952.789 1031.49 1114.83 1204.01 1299.84 1398.89 1504.16 1623.7 1759.31 1915.3 2081.56 2238.77 2406.37 2585.4 2777.51 2982.42 3184.61 3374.16 3593.07 3828.29 4072.49 4322.55 4593.16 4878.21 5168.12 5464.86 5776.49 6093.52 6416.43 6748.5 7082.98 7417.33 7756.23 8093.12 8425.36 8752.43 9068.42 9370.51 9659.6 9931.56 10173.3 10398.9 10598.4 10763.9 10893.2 10994.8 11050.2 11079.3 11052.3 10994.3 10897.4 10744.1 10558.4 10336 10059.7 9761.88 9434.69 9061.54 8670.34 8244.88 7805.85 7344.02 6881.34 6403.27 5934.06 5449.92 4980.84 4526.31 4083.1 3641.7 3233.55 2844.56 2483.15 2145.84 1833.76 1553.42 1298.89 1070.79 871.996 702.613 554.957 432.217 330.133 247.216 181.759 131.335 92.3991 63.5801 42.7036 27.9619 17.809 11.0245 6.61147 3.8303 2.13526 1.14082 0.580749
 153.632 180.733 207.6 235.264 264.233 294.681 327.007 361.147 397.361 435.569 475.942 518.332 562.364 609.338 658.709 710.978 766.143 824.683 886.736 1067.5 1236.25 1343.76 1458.59 1582.24 1715.96 1856.05 2005.96 2174.45 2363.35 2576.89 2805.05 3031.24 3273.99 3534.1 3814.16 4113.81 4419.07 4719.16 5056.5 5420.08 5803.28 6202.32 6636 7095 7571 8065.8 8591.72 9135.49 9702.74 10292.3 10899.3 11523.8 12169.5 12826.3 13496.6 14172.8 14854.8 15535.8 16216.8 16891.9 17543 18183.4 18804.7 19391.2 19936.6 20447.6 20903.3 21318.1 21653.6 21938 22155 22271.7 22331.2 22308.6 22179 21985.3 21716.8 21326.1 20875 20319.7 19697.2 18993.8 18240.7 17406.7 16550.7 15610.7 14647.2 13677 12688.8 11653.5 10656.8 9659.5 8689.44 7745.18 6836.37 5984.68 5174.3 4417.83 3729.23 3109.53 2548.31 2059.57 1634.87 1274.05 975.348 733.627 538.924 387.534 272.582 187.206 125.437 81.9719 52.1007 32.1424 19.1779 11.0285 6.0757
 187.952 221.565 255.335 290.459 327.528 366.875 408.795 453.41 501.149 551.897 605.742 662.972 723.143 787.668 856.088 929.084 1006.63 1089.61 1178.38 1396.97 1597.15 1741.94 1897.43 2065.77 2248.57 2442.02 2650.27 2882.76 3141.64 3431.36 3742.11 4059.58 4402.51 4771.27 5170.36 5598.62 6044.99 6497.79 6999.93 7542.66 8120.7 8730.97 9395.16 10102.4 10846.2 11629.6 12468.2 13347.2 14278.7 15255.5 16277.5 17349 18471 19632 20843.2 22091.4 23378.1 24697.4 26049.8 27428.4 28816.5 30223.7 31634.5 33043 34426.7 35797 37127.4 38427.5 39644.2 40800.3 41882.7 42833.5 43716.2 44450.1 45046.5 45507.7 45836.6 45939.2 45912 45655.9 45229.8 44637 43847.2 42832.3 41695.6 40325.6 38787.2 37123.5 35333.5 33357.1 31339.6 29198.8 27006 24761.4 22512 20307.7 18114.9 15967 13926.3 11992.6 10177.7 8517.8 7014.41 5678.84 4522.18 3534.26 2709.38 2034.56 1497.35 1078.24 759.589 523.16 351.577 230.204 146.412 90.1551 53.445
 236.407 279.038 322.109 367.289 415.392 466.747 521.85 580.99 644.387 712.517 785.306 863.287 946.013 1035.29 1130.74 1233.26 1342.83 1461 1588.3 1852.74 2095.55 2292.17 2504.27 2734.95 2986.18 3254.64 3545.27 3867.65 4224.85 4621.61 5049.4 5496.36 5981.72 6505.71 7074.86 7688.27 8338.4 9013.26 9757.04 10562.5 11426.1 12349.7 13353.3 14431.3 15575.1 16794.8 18105.5 19493.4 20981.9 22556.1 24226.2 25998.4 27872 29839.9 31923.4 34111.8 36395 38786.5 41277.5 43868.5 46545.6 49318.7 52161.5 55082.4 58052.8 61087.9 64156.4 67250.9 70331.1 73375.4 76426.3 79356.8 82261.1 84978.7 87597.6 90021.4 92277.1 94238.3 96010.8 97376.9 98457.8 99251.9 99595.5 99475.6 99023.2 98029.1 96590.5 94707.4 92344.4 89487.2 86284.9 82557.6 78477.3 73984.5 69215 64237.8 59068.9 53689.3 48333.1 43000.2 37754.8 32717.1 27952 23497.6 19458.9 15826.2 12661.3 9934.83 7651.95 5775.96 4271.86 3091.47 2185.08 1504.99 1007.48 652.909 407.733
