 14
 5.50515 5.60206 5.69897 5.79934 5.89763 6 6.11394 6.20412 6.30103 6.39794 6.50515 6.60206 6.69897 6.79934
 1
 14.3802
 117
 0.047863 0.0501187 0.0524807 0.0549541 0.057544 0.060256 0.0630957 0.0660693 0.0691831 0.0724436 0.0758578 0.0794328 0.0831764 0.0870964 0.0912011 0.0954993 0.1 0.104713 0.109648 0.114815 0.120226 0.125893 0.131826 0.138038 0.144544 0.151356 0.158489 0.165959 0.17378 0.18197 0.190546 0.199526 0.20893 0.218776 0.229087 0.239883 0.251189 0.263027 0.275423 0.288403 0.301995 0.316228 0.331131 0.346737 0.363078 0.380189 0.398107 0.416869 0.436516 0.457088 0.47863 0.501187 0.524807 0.549541 0.57544 0.60256 0.630957 0.660693 0.691831 0.724436 0.758578 0.794328 0.831764 0.870964 0.912011 0.954993 1 1.04713 1.09648 1.14815 1.20226 1.25893 1.31826 1.38038 1.44544 1.51356 1.58489 1.65959 1.7378 1.8197 1.90546 1.99526 2.0893 2.18776 2.29087 2.39883 2.51189 2.63027 2.75423 2.88403 3.01995 3.16228 3.31131 3.46737 3.63078 3.80189 3.98107 4.16869 4.36516 4.57088 4.7863 5.01187 5.24807 5.49541 5.7544 6.0256 6.30957 6.60693 6.91831 7.24436 7.58578 7.94328 8.31764 8.70964 9.12011 9.54993 10
 10.8296 10.7051 10.4972 10.177 9.74823 9.21088 8.59601 7.93099 7.24305 6.56421 5.87708 5.21557 4.61041 5.06944 15.9263 14.6013 13.1659 11.7529 10.3799 9.11238 8.09751 7.49239 7.87196 12.0288 12.5423 11.5352 11.4903 12.6272 14.9997 15.8074 14.9453 6.33187 6.52277 1.27695 3.12348 4.25158 4.13066 3.72949 3.06804 2.66593 2.23517 1.90578 1.58126 1.31227 1.07657 0.878761 0.712673 0.573451 0.45576 0.358625 0.280521 0.217401 0.166784 0.126793 0.0958833 0.0720755 0.0537038 0.0398618 0.0293315 0.0214196 0.0155959 0.0113268 0.00815348 0.00586004 0.00419467 0.00299672 0.0020998 0.00147176 0.00101941 0.00070682 0.00048412 0.000329876 0.000222309 0.000148276 9.83109e-05 6.45825e-05 4.20536e-05 2.72525e-05 1.75319e-05 1.12192e-05 7.13123e-06 4.51764e-06 2.84059e-06 1.76762e-06 1.09643e-06 6.7229e-07 4.08053e-07 2.45385e-07 1.46644e-07 8.71392e-08 5.11609e-08 2.95083e-08 1.6698e-08 9.26812e-09 5.02713e-09 2.64859e-09 1.35405e-09 6.66349e-10 3.17678e-10 1.46236e-10 6.36165e-11 2.59286e-11 9.85211e-12 3.46324e-12 1.11924e-12 3.29737e-13 8.84836e-14 2.1546e-14 4.68885e-15 9.01679e-16 1.53039e-16 2.27641e-17 2.96249e-18 3.36767e-19 3.33008e-20 2.84675e-21 2.0813e-22
 14.0376 14.0374 13.9226 13.6562 13.2314 12.6594 11.9431 11.1237 10.2386 9.33438 8.38882 7.45976 6.60233 7.78963 24.8388 23.4405 21.8455 20.2271 18.5985 17.052 15.8445 15.3343 16.616 23.9105 25.0921 24.1547 24.8477 27.5048 31.9143 33.9713 34.3917 32.5929 24.8735 17.9409 15.3804 15.2301 14.2037 12.8665 10.9745 9.72013 8.43059 7.4474 6.4515 5.59552 4.81312 4.12669 3.52038 2.98298 2.5075 2.09027 1.73373 1.42713 1.16623 0.944901 0.76225 0.611165 0.486684 0.385643 0.302608 0.236296 0.183588 0.141996 0.108668 0.082882 0.0627497 0.0473358 0.0350377 0.0259678 0.0189218 0.0137997 0.00992053 0.00709912 0.00502463 0.00351646 0.00244318 0.00168264 0.00114827 0.000778833 0.000523195 0.000347946 0.000230415 0.000151774 9.90994e-05 6.40137e-05 4.12482e-05 2.62833e-05 1.66098e-05 1.04575e-05 6.54811e-06 4.07609e-06 2.5187e-06 1.53586e-06 9.2398e-07 5.47625e-07 3.19389e-07 1.82442e-07 1.02222e-07 5.59749e-08 3.02496e-08 1.60992e-08 8.32626e-09 4.14618e-09 1.9909e-09 9.11286e-10 3.94855e-10 1.61086e-10 6.11815e-11 2.14743e-11 6.99028e-12 2.09962e-12 5.71357e-13 1.38633e-13 2.99066e-14 5.72192e-15 9.662e-16 1.43991e-16 1.89322e-17
 18.8672 19.142 19.2789 19.232 18.9751 18.4898 17.8054 16.964 15.9681 14.8763 13.6384 12.3241 11 14.0224 39.209 38.1951 36.8608 35.4507 33.9588 32.512 31.5226 31.6585 34.7125 46.0726 48.4725 48.1963 50.3602 55.2173 61.9258 65.4355 67.0681 66.2297 60.2458 50.4771 42.666 41.195 38.8987 36.1928 32.3676 29.5656 26.6531 24.3992 21.9997 19.8543 17.8028 15.9186 14.1737 12.5405 11.0368 9.64026 8.37703 7.23481 6.20826 5.29217 4.49113 3.78319 3.17236 2.64666 2.18424 1.79654 1.46928 1.19512 0.962315 0.771193 0.613723 0.485731 0.378227 0.294682 0.226083 0.173143 0.130772 0.0983284 0.0731763 0.0538884 0.0393362 0.0285155 0.0204669 0.0145738 0.0102519 0.00713634 0.00493923 0.00339429 0.0023086 0.00155439 0.00104193 0.000691121 0.000453901 0.000297117 0.000193289 0.000124524 7.9993e-05 5.09669e-05 3.19411e-05 1.98353e-05 1.21887e-05 7.3712e-06 4.38373e-06 2.56647e-06 1.48496e-06 8.46055e-07 4.71328e-07 2.53777e-07 1.32427e-07 6.61285e-08 3.14725e-08 1.42276e-08 6.05333e-09 2.40599e-09 8.98556e-10 3.09587e-10 9.72534e-11 2.75889e-11 7.03549e-12 1.61148e-12 3.29201e-13 5.98886e-14 9.66649e-15
 25.9665 26.7765 27.452 27.92 28.1362 28.0893 27.7974 27.2493 26.4828 25.5334 24.2951 22.8172 21.1489 27.7441 61.2751 61.4465 61.2068 60.8929 60.4614 60.0616 60.2716 62.1507 68.1943 84.2374 88.8558 90.3961 95.1973 103.154 112.582 118.154 121.672 122.321 117.12 106.463 96.3271 94.5909 91.5062 87.8051 82.152 77.6264 72.6946 68.866 64.4493 60.303 56.154 52.1061 48.2106 44.3178 40.577 36.896 33.3787 30.0329 26.8555 23.8893 21.1507 18.571 16.2578 14.1634 12.2052 10.4919 8.96548 7.61873 6.41955 5.37539 4.47665 3.70137 3.02131 2.46354 1.98709 1.59314 1.26376 0.997822 0.780123 0.604288 0.463292 0.353369 0.266712 0.199646 0.147589 0.108171 0.0786386 0.0567397 0.0404242 0.0285705 0.0200655 0.013953 0.00959899 0.00654231 0.00443832 0.00296602 0.00198092 0.00130605 0.000855314 0.000553361 0.000355207 0.000225466 0.000140755 8.70934e-05 5.32793e-05 3.2109e-05 1.89974e-05 1.09031e-05 6.08003e-06 3.27304e-06 1.6934e-06 8.39513e-07 3.96402e-07 1.75225e-07 7.27623e-08 2.81562e-08 1.00419e-08 3.272e-09 9.71297e-10 2.62298e-10 6.40175e-11 1.41033e-11 2.77793e-12
 35.04 36.6259 38.0975 39.3613 40.363 41.0906 41.5613 41.7453 41.6796 41.3793 40.6947 39.6283 38.1608 49.9323 91.1212 93.4233 95.3205 97.25 99.1099 101.061 103.852 108.941 119.31 140.365 148.553 153.45 162.24 174.3 187.155 195.923 202.576 206.031 203.304 194.194 184.974 185.62 183.907 181.357 176.011 171.384 165.799 161.698 156.128 150.541 144.644 138.396 132.155 125.387 118.516 111.371 104.144 96.8633 89.594 82.4878 75.5972 68.7511 62.324 56.2052 50.2406 44.742 39.6506 34.9535 30.5948 26.5935 23.016 19.7614 16.8134 14.2652 12.0074 10.0189 8.30624 6.84795 5.5933 4.53495 3.63586 2.90435 2.29623 1.80153 1.3972 1.07524 0.817961 0.620865 0.463502 0.343747 0.253301 0.184751 0.132984 0.0949549 0.0672701 0.0470201 0.0326983 0.0224721 0.0153071 0.0103369 0.00690933 0.00458273 0.0029869 0.00193094 0.00123304 0.000776784 0.000483121 0.000293521 0.000174925 0.000101885 5.77844e-05 3.18185e-05 1.69485e-05 8.62787e-06 4.22943e-06 1.97752e-06 8.72699e-07 3.60531e-07 1.37932e-07 4.88825e-08 1.58311e-08 4.67962e-09 1.25287e-09
 47.6942 50.5306 53.3272 55.9935 58.4648 60.7618 62.9079 64.8438 66.6495 68.2996 69.6236 70.5814 71.0827 88.627 133.917 139.827 145.499 151.498 157.595 163.946 171.439 181.841 198.246 224.966 238.888 249.602 264.741 283.169 301.647 316.229 328.727 337.527 339.876 335.559 331.494 339.04 342.827 345.86 345.381 344.902 342.823 342.637 339.688 336.049 331.598 325.814 319.487 311.663 302.698 292.698 281.837 269.834 257.143 244.11 230.539 216.471 202.442 188.281 174.11 160.08 146.639 133.675 121.095 108.963 97.6605 86.8727 76.7883 67.6396 59.135 51.26 44.2874 37.9852 32.3385 27.3538 22.9008 19.1074 15.7786 12.9552 10.5251 8.48181 6.76133 5.38821 4.21683 3.27994 2.53659 1.94205 1.46917 1.10148 0.818362 0.601774 0.437904 0.314986 0.224112 0.158414 0.110264 0.0761966 0.0518003 0.0348705 0.023155 0.0151759 0.00984182 0.00625606 0.00390045 0.00238086 0.00141774 0.000819571 0.000459323 0.00024671 0.000127894 6.32199e-05 2.95814e-05 1.30205e-05 5.33345e-06 2.03388e-06 7.13364e-07 2.29855e-07 6.7652e-08
 65.1383 69.7063 74.3471 78.962 83.4709 87.9299 92.368 96.7198 101.127 105.557 109.852 113.945 117.704 143.451 196.001 207.447 219.05 231.48 244.43 258.043 273.346 292.395 318.252 354.047 377.963 399.205 425.546 455.621 485.556 512.278 537.275 558.085 571.693 578.508 586.547 609.357 626.946 644.821 658.553 672.153 683.833 698.163 708.241 716.912 724.249 728.973 731.649 732.449 729.235 723.92 716.474 704.944 691.028 675.5 656.33 635.345 612.387 587.083 560.752 532.19 503.338 473.947 443.845 413.351 383.196 353.117 323.662 295.501 267.803 241.202 216.594 192.966 171.078 150.557 131.706 114.482 98.7246 84.7287 72.1015 60.8289 50.9224 42.5938 35.03 28.6088 23.2433 18.7249 14.9195 11.7507 9.18887 7.1217 5.45286 4.12754 3.09081 2.2972 1.67821 1.21491 0.86695 0.610775 0.423651 0.289762 0.195366 0.129446 0.0840437 0.0535777 0.0333643 0.0202372 0.0119573 0.00681172 0.00375891 0.00199219 0.0010075 0.000483585 0.000218224 9.25272e-05 3.64428e-05 1.32847e-05 4.45871e-06
 81.9591 88.2517 94.7635 101.371 108.005 114.746 121.622 128.584 135.805 143.266 150.831 158.434 165.906 198.972 257.512 274.675 292.48 311.678 331.913 353.363 377.094 405.339 441.114 486.673 521.731 554.922 593.995 637.588 681.405 723.101 763.874 800.585 829.674 852.104 876.643 919.459 956.246 995.279 1030.29 1065.79 1099.95 1138.32 1171.59 1203.57 1234.3 1261.94 1286.4 1309.56 1325.77 1339.52 1349.85 1353 1352.03 1347.75 1335.55 1319.53 1298.73 1272.13 1241.35 1205.21 1165.75 1122.51 1076.07 1026.79 974.891 921.135 865.914 810.362 753.814 697.924 643.205 588.844 536.871 485.663 438.161 391.905 348.596 308.418 271.053 236.227 204.674 177.026 150.79 127.532 107.284 89.6344 74.1048 60.4882 49.1274 39.5193 31.4457 24.7187 19.2498 14.8335 11.251 8.43913 6.2422 4.55528 3.26979 2.3146 1.61054 1.10225 0.738447 0.486065 0.312519 0.196235 0.120131 0.0711425 0.0408802 0.0226296 0.012005 0.00605957 0.00288674 0.001294 0.000541444 0.000210543 7.57642e-05
 103.929 112.578 121.589 130.92 140.49 150.383 160.672 171.3 182.5 194.276 206.525 219.198 232.121 274.32 340.205 365.297 391.753 420.399 450.881 483.417 519.074 560.341 610.068 669.851 721.117 771.873 829.789 893.536 958.568 1023.38 1088.74 1151.26 1206.63 1255.71 1307.96 1382.94 1452.03 1526.39 1598.23 1671.9 1746.14 1828.06 1904.83 1982.13 2058.91 2133.77 2206.11 2277.72 2341.07 2403.12 2459.65 2507.14 2549.58 2586.09 2610.37 2627.36 2636.99 2636.09 2623.52 2602.96 2572.72 2531.02 2481.45 2423.57 2354.49 2278.93 2195.4 2104.31 2009 1909.8 1805.24 1698.05 1590.05 1478.17 1372.5 1262.96 1157.59 1054.4 955.527 859.601 769.113 685.853 604.404 529.043 460.473 398.23 340.945 288.751 243.185 202.808 167.629 136.815 110.791 88.5856 69.856 54.4125 41.7826 31.6477 23.5832 17.3236 12.4899 8.84965 6.13267 4.1723 2.76789 1.79205 1.1285 0.686654 0.403688 0.227937 0.123032 0.0630557 0.0305176 0.0139009 0.00593321 0.00236442 0.00087754
 130.256 141.579 153.636 166.297 179.43 193.192 207.676 222.805 238.889 255.962 273.953 292.837 312.442 366.179 441.635 476.603 513.886 554.351 597.795 644.347 695.181 753.131 820.755 899.49 971.942 1045.78 1128.67 1219.28 1313.16 1409.54 1508.55 1607.54 1701.55 1790.31 1884.62 2006.13 2124.01 2250.91 2379.06 2511.56 2648.53 2798.57 2945.64 3097.77 3251.58 3407.5 3564.92 3723.53 3876.22 4031.49 4180.42 4321.95 4460.33 4591.67 4709.59 4816.69 4915.83 5001.69 5066.85 5122.12 5160.28 5176.67 5177.82 5161.44 5119.78 5063.84 4986.72 4886.33 4774.43 4645.28 4495.15 4332.85 4155.72 3962.9 3771.67 3564.02 3354.15 3137.24 2921.88 2704.28 2489.76 2281.14 2072.61 1871.74 1680.58 1498.8 1324.24 1160.79 1009.97 870.568 744.888 629.308 527.812 436.967 357.208 288.543 229.724 180.332 139.456 106.276 79.5636 58.5283 42.2024 29.9125 20.7393 14.0905 9.36324 6.06062 3.82247 2.34082 1.38779 0.79068 0.43093 0.223346 0.109477 0.0504248 0.0217359
 164.859 180.222 196.389 213.438 231.459 250.51 270.728 292.092 314.913 339.323 365.263 392.765 421.685 490.694 579.371 627.982 680.286 737.149 798.701 864.885 937.122 1018.68 1111.8 1218.02 1321.04 1428.37 1547.61 1677.63 1814.28 1957.67 2107.15 2261.65 2415.68 2567.36 2729.39 2924.72 3121.12 3332.97 3552.97 3782.91 4024.82 4289.08 4556.63 4837.89 5127.82 5428.86 5740.67 6060.63 6384.69 6718.24 7052.87 7388.45 7728.37 8067.26 8398.97 8720.58 9039.81 9347.97 9636.36 9910.43 10165.5 10394.1 10596.7 10770.6 10903.5 11013.4 11083.6 11107.6 11099.1 11049.3 10952.2 10815.1 10633.3 10409.7 10156 9861.37 9525.15 9156.13 8765.53 8345.9 7911.42 7452.29 6978.55 6498.47 6016.7 5533.48 5048.63 4575.44 4115.57 3668.78 3248.35 2843.06 2468.72 2118.62 1796.29 1506.55 1246.45 1016.09 817.129 647.261 504.27 386.046 290.188 214.444 155.341 110.43 76.9713 52.4948 35.0514 22.8722 14.5822 9.04862 5.45624 3.18268 1.78922 0.962416 0.493113
 204.755 223.921 244.825 267.29 290.885 316.128 343.166 371.933 402.787 435.999 471.506 509.438 549.685 634.99 738.11 802.759 872.724 948.859 1031.71 1121.12 1218.78 1328.2 1451.64 1590.8 1730.38 1877.9 2040.79 2218.51 2407.37 2607.73 2819.44 3042.34 3270.66 3502.04 3750.73 4039.39 4336.02 4657.25 4995.98 5352.95 5733.5 6149.19 6577.55 7031.74 7508.09 8008.56 8534.46 9082.78 9652.1 10243.6 10852.9 11480.2 12128.6 12791.9 13463.7 14140.9 14829.2 15520.4 16211 16889.2 17564.1 18223.3 18852.5 19454.6 20015.3 20549.6 21037.1 21469.6 21839.5 22150.3 22387.2 22545.5 22625.2 22627 22538.3 22371.4 22082 21720.8 21272.6 20734.5 20133 19430.8 18649.4 17807.3 16909 15959.3 14960.9 13924.5 12882.8 11813.5 10758.2 9701.31 8671.39 7670.71 6707.39 5805.54 4964.07 4182.11 3479.29 2851.68 2300.75 1825.82 1424.85 1093.66 824.363 610.572 444.002 316.927 221.811 152.093 102.225 67.0515 42.8735 26.5886 15.9033 9.11629 4.975
 254.143 279.711 306.673 335.475 366.728 400.192 436.04 474.601 516.173 561.099 609.446 661.41 716.969 820.917 941.119 1026.57 1119.4 1220.56 1330.93 1450.54 1581.24 1726.74 1889.39 2071.3 2258.47 2458.36 2678.34 2918.67 3176.16 3451.43 3745.89 4059.4 4386.97 4726.76 5094.34 5510.72 5945.15 6417.57 6921.44 7455.71 8031.34 8661.05 9317.72 10019.2 10764.6 11555.3 12394.7 13280.5 14215.3 15196.7 16227.1 17304.9 18436.3 19614 20830.9 22092.8 23398.9 24740.4 26120.4 27517.5 28949.1 30402.2 31843.4 33297.2 34724.2 36143.9 37543.2 38902.4 40189.7 41426.9 42579.1 43624.4 44563.8 45392.3 46082.6 46620.1 46965.7 47175.5 47181 46994.7 46614 46053.1 45227.8 44209.1 42996.2 41595.3 39986.6 38176.1 36258.7 34152.6 31941 29619.6 27226.1 24792.1 22330 19911.2 17567.7 15280.9 13138.1 11138.5 9303.19 7653.78 6202.9 4948.63 3884.42 3000.46 2279.49 1704.11 1252.32 904.782 642.8 447.842 305.567 203.323 131.155 81.7731 48.9479
 323.09 355.278 391.34 429.7 470.312 514.636 562.755 614.542 670.645 731.569 797.504 868.691 945.335 1073.37 1216.86 1330.55 1454.35 1589.61 1737.48 1898.11 2074 2268.89 2485.47 2726.31 2978.89 3250.91 3549.87 3877.01 4229.47 4609.21 5018.77 5458.84 5925.54 6418.58 6953.82 7550.42 8183.06 8871.43 9612.4 10402.5 11259.9 12199.8 13189 14256.7 15396 16621.2 17928.3 19321.5 20808.5 22384.9 24065.1 25840.9 27726.6 29717.4 31807.2 34008.1 36329.1 38750.3 41284.9 43911.5 46654.2 49503.8 52413.7 55431.5 58485.9 61615.1 64817.6 68048.1 71259.2 74521.9 77744.6 80891.5 83957.2 86941.6 89801.7 92445.6 94903.2 97164.3 99102.6 100713 101937 102933 103321 103296 102785 101823 100279 98163.1 95600.2 92428.7 88749.8 84569.8 79951.5 74933.5 69528.6 63884.6 58153.3 52250.2 46451.5 40775.3 35308.1 30160.3 25424.5 21126.4 17308.9 13971.3 11123.4 8727.6 6750.78 5143.8 3859.86 2843.41 2050.95 1445.39 989.926 654.548 415.564
