 14
 5.5 5.6 5.7 5.8 5.9 6 6.1 6.2 6.3 6.4 6.5 6.6 6.7 6.8
 1
 14.2041
 117
 0.047863 0.0501187 0.0524807 0.0549541 0.057544 0.060256 0.0630957 0.0660694 0.0691831 0.0724436 0.0758578 0.0794328 0.0831764 0.0870964 0.0912011 0.0954993 0.1 0.104713 0.109648 0.114815 0.120226 0.125893 0.131826 0.138038 0.144544 0.151356 0.158489 0.165959 0.17378 0.18197 0.190546 0.199526 0.20893 0.218776 0.229087 0.239883 0.251189 0.263027 0.275423 0.288403 0.301995 0.316228 0.331131 0.346737 0.363078 0.380189 0.398107 0.416869 0.436516 0.457088 0.47863 0.501187 0.524807 0.549541 0.57544 0.60256 0.630957 0.660693 0.691831 0.724436 0.758578 0.794328 0.831764 0.870964 0.912011 0.954993 1 1.04713 1.09648 1.14815 1.20226 1.25893 1.31826 1.38038 1.44544 1.51356 1.58489 1.65959 1.7378 1.8197 1.90546 1.99526 2.0893 2.18776 2.29087 2.39883 2.51189 2.63027 2.75423 2.88403 3.01995 3.16228 3.31131 3.46737 3.63078 3.80189 3.98107 4.16869 4.36516 4.57088 4.7863 5.01187 5.24807 5.49541 5.7544 6.0256 6.30957 6.60693 6.91831 7.24436 7.58578 7.94328 8.31764 8.70964 9.12011 9.54993 10
 1e-30 1e-30 1e-30 1e-30 1e-30 1e-30 1e-30 1e-30 1e-30 1e-30 1e-30 1e-30 1e-30 6.271 5.505 4.89 4.478 4.242 4.291 4.736 5.479 6.315 7.515 9.506 10.17 8.734 7.191 5.927 4.924 4.222 3.739 3.352 3.067 3.116 3.537 3.218 2.343 1.965 1.794 2.175 2.711 2.633 2.282 1.828 1.402 1.088 0.8712 0.6959 0.5456 0.4232 0.3279 0.2525 0.1931 0.147 0.1111 0.08345 0.06218 0.04589 0.03359 0.02447 0.01774 0.01274 0.009085 0.006439 0.00454 0.00318 0.002213 0.001531 0.001052 0.0007173 0.0004846 0.0003244 0.0002148 0.0001404 9.066e-05 5.775e-05 3.622e-05 2.241e-05 1.368e-05 8.201e-06 4.836e-06 2.801e-06 1.593e-06 8.882e-07 4.857e-07 2.604e-07 1.37e-07 7.073e-08 3.598e-08 1.809e-08 8.951e-09 4.345e-09 2.067e-09 9.688e-10 4.476e-10 2.039e-10 9.158e-11 4.057e-11 1.784e-11 7.774e-12 3.349e-12 1.421e-12 5.904e-13 2.395e-13 1e-30 1e-30 1e-30 1e-30 1e-30 1e-30 1e-30 1e-30 1e-30 1e-30 1e-30 1e-30 1e-30
 1e-30 1e-30 1e-30 1e-30 1e-30 1e-30 1e-30 1e-30 1e-30 1e-30 1e-30 1e-30 1e-30 10.24 9.301 8.561 8.102 7.894 8.13 9.001 10.37 11.95 14.2 17.87 19.45 17.55 15.34 13.49 12.07 11.19 10.78 10.65 10.84 11.75 13.29 13.5 12.15 11.09 10.62 10.56 10.26 9.457 8.221 6.848 5.57 4.583 3.849 3.223 2.661 2.18 1.784 1.453 1.177 0.9501 0.7622 0.6088 0.4831 0.3804 0.2975 0.2318 0.1797 0.1381 0.1055 0.08002 0.06035 0.0452 0.03364 0.02486 0.01824 0.01328 0.009582 0.006854 0.004853 0.0034 0.002357 0.001614 0.001091 0.0007286 0.0004806 0.0003121 0.0001999 0.0001262 7.838e-05 4.789e-05 2.879e-05 1.703e-05 9.908e-06 5.672e-06 3.202e-06 1.787e-06 9.823e-07 5.297e-07 2.8e-07 1.456e-07 7.429e-08 3.725e-08 1.833e-08 8.85e-09 4.227e-09 1.991e-09 9.24e-10 4.203e-10 1.866e-10 8.09e-11 1e-30 1e-30 1e-30 1e-30 1e-30 1e-30 1e-30 1e-30 1e-30 1e-30 1e-30 1e-30 1e-30
 1e-30 1e-30 1e-30 1e-30 1e-30 1e-30 1e-30 1e-30 1e-30 1e-30 1e-30 1e-30 1e-30 16.62 15.5 14.65 14.2 14.14 14.8 16.49 19.03 22 26.2 32.77 36.2 34.16 31.49 29.2 27.49 26.54 26.39 26.93 28.28 31.05 34.65 35.78 34.41 33.19 32.18 31.19 29.76 27.5 24.61 21.5 18.52 16.08 14.14 12.38 10.73 9.247 7.959 6.821 5.821 4.949 4.186 3.527 2.954 2.457 2.032 1.673 1.37 1.114 0.899 0.7209 0.5743 0.4545 0.3572 0.2788 0.216 0.166 0.1266 0.09568 0.07168 0.05321 0.03912 0.02846 0.02046 0.01456 0.01025 0.007117 0.004885 0.003311 0.002213 0.001458 0.0009468 0.0006062 0.0003826 0.0002378 0.0001458 8.825e-05 5.264e-05 3.085e-05 1.775e-05 1.006e-05 5.596e-06 3.06e-06 1.644e-06 8.678e-07 4.529e-07 2.331e-07 1.183e-07 5.891e-08 2.871e-08 1.374e-08 1e-30 1e-30 1e-30 1e-30 1e-30 1e-30 1e-30 1e-30 1e-30 1e-30 1e-30 1e-30 1e-30
 1e-30 1e-30 1e-30 1e-30 1e-30 1e-30 1e-30 1e-30 1e-30 1e-30 1e-30 1e-30 1e-30 27.65 26.6 25.91 25.73 26.1 27.55 30.51 34.78 39.88 47.14 58.05 64.5 63.12 60.73 58.7 57.34 56.98 57.73 59.56 62.83 68.47 74.79 77.26 76.44 75.62 74.78 73.57 71.3 67.51 62.61 57.17 51.74 47.03 43 39.19 35.41 31.85 28.59 25.57 22.77 20.21 17.85 15.69 13.73 11.93 10.32 8.877 7.599 6.457 5.451 4.572 3.811 3.156 2.596 2.121 1.721 1.386 1.108 0.8784 0.6911 0.5393 0.4173 0.32 0.2429 0.1827 0.136 0.1002 0.07309 0.05274 0.03759 0.02645 0.01838 0.01262 0.008551 0.005716 0.00377 0.002455 0.001577 0.0009972 0.0006205 0.0003806 0.0002295 0.0001361 7.951e-05 4.57e-05 2.592e-05 1.45e-05 7.99e-06 4.329e-06 2.302e-06 1.205e-06 1e-30 1e-30 1e-30 1e-30 1e-30 1e-30 1e-30 1e-30 1e-30 1e-30 1e-30 1e-30 1e-30
 1e-30 1e-30 1e-30 1e-30 1e-30 1e-30 1e-30 1e-30 1e-30 1e-30 1e-30 1e-30 1e-30 44.93 44.47 44.47 45.12 46.54 49.46 54.49 61.37 69.7 81.57 98.55 109.5 110.2 109.5 109.2 109.7 111.4 114.4 119 125.7 135.7 145.9 150.9 152.3 153.4 154.3 154.3 152.2 147.8 141.5 134.1 126.2 119.1 112.5 106 99.14 92.36 85.84 79.47 73.29 67.33 61.57 56.08 50.82 45.8 41.06 36.64 32.53 28.69 25.16 21.93 19 16.36 14.01 11.91 10.07 8.449 7.041 5.826 4.787 3.904 3.161 2.538 2.021 1.596 1.249 0.9682 0.7442 0.5667 0.427 0.3182 0.2346 0.1711 0.1234 0.08794 0.0619 0.04305 0.02957 0.02003 0.01338 0.008814 0.005716 0.003652 0.002301 0.001426 0.0008708 0.0005234 0.0003097 0.00018 0.0001026 5.742e-05 1e-30 1e-30 1e-30 1e-30 1e-30 1e-30 1e-30 1e-30 1e-30 1e-30 1e-30 1e-30 1e-30
 1e-30 1e-30 1e-30 1e-30 1e-30 1e-30 1e-30 1e-30 1e-30 1e-30 1e-30 1e-30 1e-30 70.91 71.97 73.65 76.16 79.71 85.25 93.54 104.3 117.3 135.5 160.3 177.4 182.2 185.6 189.4 194 200.2 208 217.9 230.7 247.6 264 274.3 280.9 287.2 293 297.2 298.4 296.1 291.1 284.2 276.1 268.3 260.6 252.2 242.8 232.9 222.8 212.3 201.5 190.5 179.4 168.3 157.1 146 135 124.3 113.9 103.7 94.02 84.74 75.97 67.73 60.04 52.92 46.37 40.39 34.95 30.05 25.67 21.79 18.37 15.37 12.77 10.54 8.622 6.996 5.633 4.498 3.56 2.79 2.167 1.667 1.27 0.9572 0.7136 0.5262 0.3837 0.2763 0.1965 0.138 0.09555 0.06526 0.04396 0.02915 0.01903 0.01222 0.007718 0.004789 0.002914 0.001738 1e-30 1e-30 1e-30 1e-30 1e-30 1e-30 1e-30 1e-30 1e-30 1e-30 1e-30 1e-30 1e-30
 1e-30 1e-30 1e-30 1e-30 1e-30 1e-30 1e-30 1e-30 1e-30 1e-30 1e-30 1e-30 1e-30 87.98 90.49 93.86 98.31 105.1 114.4 126.2 140.8 158.1 182.2 213.8 236.7 246.9 256.1 266.6 278.3 291.5 306.9 324.9 346.8 372.9 398.1 417.8 434.6 451.7 468.6 483.7 495 502.4 506.7 508.5 508.5 508.1 507.2 504.7 500 493.6 485.9 476.6 465.7 453.4 439.6 424.5 408.2 390.6 372 352.7 332.8 312.4 291.8 271.1 250.5 230.3 210.6 191.5 173.2 155.8 139.3 123.8 109.4 96.07 83.86 72.73 62.67 53.63 45.58 38.45 32.19 26.76 22.07 18.05 14.64 11.77 9.382 7.409 5.792 4.485 3.437 2.604 1.951 1.446 1.058 0.7637 0.5443 0.3822 0.2644 0.18 0.1206 0.07939 0.05129 0.03248 1e-30 1e-30 1e-30 1e-30 1e-30 1e-30 1e-30 1e-30 1e-30 1e-30 1e-30 1e-30 1e-30
 1e-30 1e-30 1e-30 1e-30 1e-30 1e-30 1e-30 1e-30 1e-30 1e-30 1e-30 1e-30 1e-30 130.9 136.7 143.8 152.3 165 180.9 199.4 220.9 245.9 278.9 320 351.9 371.1 390.2 411.6 434.7 459.5 487 518 554 592.9 630.4 665.1 699.6 734.5 768.7 801.3 829.8 854.3 875.9 894.9 912 928.5 944.1 957.3 967.4 974.7 979.4 981 979.4 974.5 966.1 954.4 939 920 897.6 872.2 843.8 812.4 778.7 742.8 705.3 666.4 626.5 586.1 545.6 505.2 465.4 426.4 388.6 352.2 317.4 284.5 253.4 224.4 197.4 172.5 149.8 129.2 110.6 94.07 79.38 66.47 55.22 45.48 37.12 30.04 24.08 19.11 15 11.66 8.961 6.8 5.095 3.765 2.742 1.967 1.388 0.9631 0.6558 0.4377 1e-30 1e-30 1e-30 1e-30 1e-30 1e-30 1e-30 1e-30 1e-30 1e-30 1e-30 1e-30 1e-30
 1e-30 1e-30 1e-30 1e-30 1e-30 1e-30 1e-30 1e-30 1e-30 1e-30 1e-30 1e-30 1e-30 181.7 191.7 203.2 216.9 237.4 262.6 290.2 321.3 356.9 402.4 456.9 501.5 533.3 566.4 603.5 643 684.8 730.6 781.3 838.6 895.2 950 1009 1072 1137 1200 1262 1320 1374 1427 1477 1527 1577 1626 1673 1717 1757 1795 1828 1857 1880 1899 1911 1916 1915 1907 1892 1869 1839 1803 1759 1709 1654 1593 1527 1458 1385 1309 1231 1152 1073 994.4 916.5 840.2 765.9 694.1 625.4 560 498.5 440.9 387.4 338 292.9 252 215.1 182.1 152.9 127.3 105 85.82 69.44 55.58 43.96 34.35 26.5 20.16 15.11 11.15 8.095 5.769 4.032 1e-30 1e-30 1e-30 1e-30 1e-30 1e-30 1e-30 1e-30 1e-30 1e-30 1e-30 1e-30 1e-30
 1e-30 1e-30 1e-30 1e-30 1e-30 1e-30 1e-30 1e-30 1e-30 1e-30 1e-30 1e-30 1e-30 256.6 273.2 291.8 313.4 345.2 383.1 423.4 468 518.4 581.6 656 719.7 771 825.6 886.1 950.3 1018 1092 1173 1263 1346 1426 1524 1635 1748 1859 1971 2079 2186 2294 2402 2512 2624 2738 2852 2965 3075 3184 3289 3390 3486 3575 3657 3730 3792 3844 3884 3912 3926 3926 3912 3883 3840 3782 3710 3624 3524 3413 3291 3158 3017 2869 2715 2557 2395 2232 2069 1908 1749 1594 1444 1300 1163 1033 911.8 798.5 693.9 598.3 511.5 433.5 363.9 302.4 248.5 201.9 162 128.3 100.2 77.04 58.3 43.33 31.61 1e-30 1e-30 1e-30 1e-30 1e-30 1e-30 1e-30 1e-30 1e-30 1e-30 1e-30 1e-30 1e-30
 1e-30 1e-30 1e-30 1e-30 1e-30 1e-30 1e-30 1e-30 1e-30 1e-30 1e-30 1e-30 1e-30 347.9 373.3 401.3 433.7 479.3 532.7 589.3 651.6 721.6 807.4 906.2 994.5 1072 1154 1245 1342 1445 1557 1679 1813 1931 2046 2201 2381 2562 2744 2929 3113 3300 3492 3690 3894 4106 4324 4548 4775 5005 5237 5471 5704 5935 6162 6384 6598 6801 6993 7172 7334 7478 7602 7704 7781 7834 7860 7858 7828 7768 7679 7562 7416 7243 7044 6820 6574 6307 6022 5722 5409 5087 4758 4426 4094 3764 3439 3122 2815 2520 2239 1974 1726 1496 1284 1090 916.3 761 624.1 505.1 403 316.6 244.5 185.6 1e-30 1e-30 1e-30 1e-30 1e-30 1e-30 1e-30 1e-30 1e-30 1e-30 1e-30 1e-30 1e-30
 1e-30 1e-30 1e-30 1e-30 1e-30 1e-30 1e-30 1e-30 1e-30 1e-30 1e-30 1e-30 1e-30 476.7 515.2 557.7 606.3 671.2 745.9 825.4 912.5 1010 1126 1258 1381 1496 1619 1754 1899 2054 2223 2406 2606 2779 2951 3192 3474 3758 4049 4348 4652 4967 5297 5641 6002 6382 6778 7191 7619 8061 8517 8986 9466 9956 10450 10950 11460 11960 12450 12940 13420 13890 14330 14750 15140 15500 15820 16100 16340 16520 16660 16730 16750 16710 16610 16440 16210 15920 15560 15140 14670 14150 13570 12960 12310 11620 10910 10190 9448 8705 7966 7235 6520 5828 5161 4527 3931 3375 2864 2400 1983 1615 1295 1021 1e-30 1e-30 1e-30 1e-30 1e-30 1e-30 1e-30 1e-30 1e-30 1e-30 1e-30 1e-30 1e-30
 1e-30 1e-30 1e-30 1e-30 1e-30 1e-30 1e-30 1e-30 1e-30 1e-30 1e-30 1e-30 1e-30 649.6 706.6 769.1 839.9 929.9 1032 1142 1261 1395 1553 1730 1900 2066 2246 2442 2653 2880 3127 3396 3689 3945 4204 4569 4993 5424 5871 6335 6817 7322 7857 8423 9023 9658 10330 11040 11780 12560 13380 14230 15120 16040 17000 17980 19000 20030 21090 22160 23250 24340 25420 26500 27570 28620 29630 30600 31530 32390 33190 33910 34540 35080 35500 35820 36010 36070 35990 35770 35400 34900 34240 33440 32500 31430 30230 28910 27490 25980 24390 22730 21030 19310 17570 15850 14160 12510 10940 9443 8050 6768 5608 4574 1e-30 1e-30 1e-30 1e-30 1e-30 1e-30 1e-30 1e-30 1e-30 1e-30 1e-30 1e-30 1e-30
 1e-30 1e-30 1e-30 1e-30 1e-30 1e-30 1e-30 1e-30 1e-30 1e-30 1e-30 1e-30 1e-30 874.2 956.1 1046 1147 1270 1409 1559 1723 1905 2117 2352 2585 2821 3077 3356 3657 3984 4340 4728 5150 5530 5922 6460 7082 7720 8388 9092 9831 10610 11450 12350 13300 14320 15410 16570 17800 19110 20490 21960 23500 25120 26830 28620 30490 32440 34470 36570 38750 40990 43280 45630 48020 50450 52900 55350 57800 60220 62610 64930 67180 69320 71350 73220 74930 76440 77730 78780 79560 80050 80230 80070 79570 78700 77480 75880 73920 71590 68910 65910 62590 59000 55180 51160 47000 42760 38490 34260 30120 26150 22390 18900 1e-30 1e-30 1e-30 1e-30 1e-30 1e-30 1e-30 1e-30 1e-30 1e-30 1e-30 1e-30 1e-30
