 14
 5.50515 5.60206 5.69897 5.79934 5.89763 6 6.11394 6.20412 6.30103 6.39794 6.50515 6.60206 6.69897 6.79934
 1
 14.3802
 117
 0.047863 0.0501187 0.0524807 0.0549541 0.057544 0.060256 0.0630957 0.0660693 0.0691831 0.0724436 0.0758578 0.0794328 0.0831764 0.0870964 0.0912011 0.0954993 0.1 0.104713 0.109648 0.114815 0.120226 0.125893 0.131826 0.138038 0.144544 0.151356 0.158489 0.165959 0.17378 0.18197 0.190546 0.199526 0.20893 0.218776 0.229087 0.239883 0.251189 0.263027 0.275423 0.288403 0.301995 0.316228 0.331131 0.346737 0.363078 0.380189 0.398107 0.416869 0.436516 0.457088 0.47863 0.501187 0.524807 0.549541 0.57544 0.60256 0.630957 0.660693 0.691831 0.724436 0.758578 0.794328 0.831764 0.870964 0.912011 0.954993 1 1.04713 1.09648 1.14815 1.20226 1.25893 1.31826 1.38038 1.44544 1.51356 1.58489 1.65959 1.7378 1.8197 1.90546 1.99526 2.0893 2.18776 2.29087 2.39883 2.51189 2.63027 2.75423 2.88403 3.01995 3.16228 3.31131 3.46737 3.63078 3.80189 3.98107 4.16869 4.36516 4.57088 4.7863 5.01187 5.24807 5.49541 5.7544 6.0256 6.30957 6.60693 6.91831 7.24436 7.58578 7.94328 8.31764 8.70964 9.12011 9.54993 10
 6.92065 6.61166 6.28185 5.9119 5.51392 5.07988 4.64933 5.57921 11.2972 10.6965 10.0504 9.38257 8.8033 8.26729 7.98111 8.42962 11.8351 13.0378 13.3747 14.4893 16.9708 19.8197 21.2661 18.4894 18.8009 20.8887 19.1658 12.332 6.14329 6.38224 6.03536 5.43394 4.72833 4.07653 3.4836 3.08641 2.72168 2.38142 2.08003 1.80234 1.54684 1.31671 1.10652 0.92697 0.771679 0.638223 0.524516 0.427244 0.346939 0.279852 0.22473 0.179973 0.143071 0.113322 0.0894447 0.0704646 0.0550425 0.0427545 0.033271 0.0256395 0.0196857 0.0150307 0.0114225 0.00862309 0.00648425 0.00483034 0.00358525 0.00263976 0.00194091 0.0014055 0.00101683 0.00073394 0.00052183 0.000369253 0.000261417 0.000183008 0.000127538 8.79878e-05 6.0618e-05 4.16395e-05 2.8338e-05 1.90901e-05 1.27499e-05 8.4549e-06 5.53527e-06 3.57917e-06 2.28768e-06 1.4416e-06 8.9721e-07 5.57405e-07 3.39329e-07 2.02989e-07 1.19873e-07 6.90293e-08 3.90535e-08 2.14594e-08 1.14059e-08 5.85391e-09 2.88244e-09 1.36901e-09 6.13189e-10 2.56117e-10 9.8677e-11 3.50077e-11 1.13925e-11 3.3676e-12 8.98133e-13 2.15234e-13 4.60353e-14 8.75432e-15 1.47401e-15 2.18244e-16 2.83677e-17 3.21334e-18 3.1588e-19 2.67693e-20 1.94431e-21
 9.6201 9.25655 8.82593 8.31801 7.76101 7.15749 6.56757 8.57782 17.7778 17.3292 16.8005 16.2386 15.7757 15.3986 15.4663 16.837 22.574 24.8288 26.0628 28.4144 32.4278 36.5111 38.8383 35.6605 36.3052 39.4801 38.3451 33.8824 27.586 22.3947 19.4546 17.7848 15.9085 14.094 12.407 11.3034 10.2987 9.34692 8.49027 7.65846 6.8699 6.12176 5.39479 4.74576 4.14659 3.60709 3.1188 2.67374 2.28292 1.93903 1.63729 1.37626 1.14982 0.954231 0.78893 0.650244 0.531579 0.430868 0.349411 0.28039 0.224286 0.177977 0.140304 0.109769 0.0855897 0.0658916 0.0506718 0.0384639 0.0292265 0.0218193 0.0162669 0.0120753 0.00886204 0.0064512 0.0047021 0.003388 0.00242752 0.00172173 0.00122455 0.000866766 0.000609231 0.000426159 0.000295813 0.000204137 0.000139317 9.42689e-05 6.32231e-05 4.19652e-05 2.76447e-05 1.81513e-05 1.17254e-05 7.44532e-06 4.66025e-06 2.84823e-06 1.70515e-06 9.96075e-07 5.64893e-07 3.10157e-07 1.64219e-07 8.42152e-08 4.09417e-08 1.87788e-08 8.02293e-09 3.19664e-09 1.18175e-09 3.98848e-10 1.22665e-10 3.41619e-11 8.56943e-12 1.93266e-12 3.87935e-13 6.90221e-14 1.08546e-14 1.50008e-15 1.81876e-16 1.92625e-17 1.77716e-18
 14.3758 14.1096 13.7479 13.2354 12.6028 11.8303 10.9792 15.3347 28.0639 28.1622 28.1695 28.1573 28.3064 28.6164 29.6212 32.5243 40.7915 44.5106 47.2038 51.1872 56.7686 62.0087 65.3718 61.6609 62.9968 67.8308 67.7474 63.9257 59.9413 51.5559 46.7192 44.2274 41.1563 38.0352 34.8977 32.869 30.9547 29.0786 27.3208 25.5096 23.7195 21.9343 20.096 18.3732 16.6815 15.0922 13.5668 12.1022 10.752 9.50533 8.35542 7.30185 6.35176 5.48268 4.71391 4.03939 3.43411 2.89212 2.43323 2.0296 1.68665 1.39015 1.13934 0.925006 0.749272 0.599847 0.478465 0.377895 0.298456 0.231504 0.179367 0.138152 0.105274 0.0796289 0.0601414 0.045043 0.0334659 0.0246179 0.0181417 0.0132708 0.0096183 0.00695578 0.00497875 0.00355555 0.00251712 0.00177214 0.00123836 0.000856551 0.000588558 0.000401287 0.000269715 0.000178741 0.000116934 7.50734e-05 4.72625e-05 2.91508e-05 1.75396e-05 1.024e-05 5.79938e-06 3.18614e-06 1.66913e-06 8.33023e-07 3.91158e-07 1.7226e-07 7.07533e-08 2.67789e-08 9.32212e-09 2.97118e-09 8.61112e-10 2.27408e-10 5.39679e-11 1.14961e-11 2.19065e-12 3.71622e-13 5.60699e-14 7.49601e-15 8.85974e-16
 21.8689 22.072 22.1599 22.0402 21.7325 21.1653 20.3703 28.1132 43.2625 44.4733 45.6328 46.8464 48.3379 50.1323 52.8838 57.9999 68.8088 74.5787 79.4952 85.7277 93.3251 100.286 105.467 101.35 104.169 112.054 114.213 111.636 109.136 100.887 96.0597 93.8181 90.4629 86.8535 82.8121 80.4109 78.0171 75.5617 73.0739 70.3531 67.4424 64.3438 60.955 57.5627 54.0786 50.5817 47.0305 43.4489 39.9847 36.5942 33.3219 30.1582 27.1848 24.3285 21.678 19.2567 16.9721 14.8415 12.9343 11.2127 9.67523 8.26616 7.04346 5.93569 4.9936 4.16278 3.4525 2.84024 2.33332 1.88653 1.52421 1.22287 0.972553 0.767372 0.60335 0.470969 0.364161 0.279244 0.214 0.162594 0.122462 0.0921431 0.0683278 0.0505999 0.0370727 0.0269922 0.0195044 0.0139558 0.00991409 0.00698874 0.00485977 0.00334314 0.0022729 0.00152095 0.000999519 0.000645897 0.000409274 0.000252204 0.00015152 8.85981e-05 4.96241e-05 2.66363e-05 1.35183e-05 6.48297e-06 2.9213e-06 1.22316e-06 4.75782e-07 1.70938e-07 5.63557e-08 1.7113e-08 4.71574e-09 1.17946e-09 2.66868e-10 5.44204e-11 9.99382e-12 1.64767e-12 2.43464e-13
 31.5753 32.5537 33.454 34.1661 34.6938 34.9282 34.8603 45.9462 62.927 65.7653 68.6525 71.7356 75.2703 79.3272 84.6293 92.6668 106.298 114.868 122.843 132.138 142.625 152.407 160.667 157.05 162.658 175.543 181.736 181.542 181.549 174.693 172.714 172.714 171.133 169.16 166.331 165.54 164.581 163.392 161.745 159.721 156.956 153.591 149.52 145.022 140.176 134.776 128.916 122.639 116.307 109.629 102.876 96.0232 89.2472 82.4083 75.7738 69.4277 63.1337 57.0835 51.3184 46.006 41.035 36.2443 31.976 27.9075 24.3101 21.0162 18.063 15.4361 13.153 11.0595 9.28154 7.73464 6.40377 5.25484 4.29217 3.48503 2.80314 2.23935 1.78078 1.40291 1.09773 0.857165 0.658485 0.505524 0.383451 0.289042 0.215985 0.160084 0.117501 0.0855938 0.0614966 0.0437624 0.0308118 0.021382 0.0145997 0.00980971 0.00648026 0.00417644 0.00262738 0.00161091 0.000950888 0.000540364 0.000292634 0.000150878 7.33979e-05 3.35114e-05 1.43136e-05 5.69045e-06 2.09332e-06 7.14611e-07 2.23552e-07 6.40632e-08 1.67762e-08 4.00353e-09 8.69663e-10 1.71582e-10 3.07024e-11
 44.1103 46.1842 48.2606 50.2301 52.0976 53.7501 55.1576 69.6069 88.7765 93.907 99.2624 105.037 111.501 118.798 127.679 139.645 156.934 169.501 181.849 195.632 210.597 225.014 238.378 237.558 248.126 268.858 282.076 287.12 292.349 288.813 293.505 298.942 302.505 305.804 308.04 312.855 317.419 321.646 324.863 327.681 328.998 329.121 327.928 325.629 322.489 317.725 311.638 304.208 296.247 286.788 276.458 265.356 253.614 240.951 228.096 214.983 201.367 187.786 173.956 160.801 147.949 134.939 122.905 110.963 99.8916 89.2789 79.3486 70.2672 61.977 54.1046 47.0174 40.6484 34.9601 29.7622 25.23 21.2718 17.7861 14.7841 12.2064 9.98586 8.13217 6.58689 5.26589 4.19566 3.30421 2.58408 2.00227 1.54232 1.17318 0.885315 0.659392 0.4856 0.354222 0.254612 0.180415 0.125843 0.086495 0.0582625 0.0384935 0.0249156 0.0156731 0.00957625 0.00564636 0.00320217 0.00173492 0.000890803 0.000432392 0.000197196 8.39636e-05 3.34002e-05 1.23006e-05 4.18309e-06 1.31263e-06 3.7952e-07 1.00969e-07 2.47198e-08 5.5653e-09
 61.5373 65.1762 68.9375 72.7279 76.5511 80.3093 83.9671 102.84 125.292 133.799 142.821 152.607 163.43 175.538 189.683 207.331 230.14 248.916 268.033 288.956 311.419 333.846 355.938 362.442 382.044 415.282 440.528 456.546 472.873 477.487 494.966 511.95 527.036 542.642 557.421 576.136 594.641 613.259 630.625 647.676 662.854 676.41 688.107 697.792 705.954 711.278 714.081 713.724 712.089 707.058 699.182 688.956 676.365 660.623 643.109 623.241 601.256 577.479 551.453 525.233 497.993 469.249 441.056 411.743 382.863 353.688 325.137 298.049 272.047 246.432 221.736 198.947 177.655 156.93 138.246 121.118 105.428 91.1513 78.2797 66.6648 56.5685 47.5903 39.7247 32.9054 26.9871 21.9446 17.69 14.1899 11.2228 8.80004 6.81876 5.2115 3.94779 2.94519 2.16998 1.56993 1.12056 0.784988 0.539552 0.363196 0.238347 0.152143 0.0941105 0.0560873 0.0320238 0.0174377 0.00901265 0.0043984 0.00201735 0.000868494 0.000349156 0.000130669 4.55029e-05 1.47328e-05 4.42978e-06 1.23753e-06 3.21113e-07
 77.2962 82.288 87.5012 92.8459 98.3256 103.86 109.407 133.165 159.471 171.177 183.728 197.375 212.439 229.254 248.59 271.885 300.494 325.644 351.717 380.104 410.576 441.661 473.206 489.055 518.926 565.012 603.325 632.565 662.667 679.482 712.195 744.178 774.737 807.064 839.345 877.361 915.603 954.955 993.718 1032.52 1070.15 1106.45 1141.25 1173.37 1204.18 1231.64 1256.17 1276.26 1294.29 1307.78 1316.36 1320.85 1320.94 1315.68 1305.8 1290.84 1271.38 1246.78 1216.6 1183.95 1146.55 1105.47 1062.11 1014.76 965.566 913.608 860.892 807.823 755.495 701.929 647.971 596.528 546.809 496.081 449.275 404.557 362.483 322.202 284.713 249.775 218.212 188.898 162.614 138.708 117.329 98.3321 81.734 67.5212 55.0625 44.4901 35.5442 27.9981 21.8415 16.7862 12.7315 9.49201 6.97728 5.03795 3.57033 2.47761 1.67949 1.10938 0.710246 0.439828 0.261408 0.148606 0.0803985 0.041169 0.0198682 0.00900654 0.00381935 0.00150897 0.000554431 0.000189081 5.97381e-05 1.74782e-05 4.73306e-06
 99.1534 106.226 113.691 121.469 129.583 137.967 146.593 175.595 205.787 221.999 239.523 258.579 279.569 302.885 329.303 360.123 396.42 430.384 466.135 504.948 546.709 590.064 635.092 665.194 710.256 774.383 831.609 880.945 932.363 969.764 1025.98 1081.98 1137.71 1197.17 1258.41 1328.05 1399.54 1474.1 1550.02 1627.18 1705.01 1783.18 1861.47 1937.37 2013.71 2087.41 2158.68 2225.65 2290.08 2350.32 2403.76 2452.07 2493.61 2528.58 2554.49 2572.48 2582.55 2583.14 2572.5 2555.55 2527.07 2490.44 2444 2388.16 2325.05 2253.12 2175.98 2089.28 2001.96 1906.56 1806.06 1704.96 1603.31 1493.86 1390.11 1285.76 1184.85 1082.23 983.551 888.483 798.459 711.791 631.137 554.698 484.044 418.624 359.035 305.396 257.053 214.28 176.653 143.751 115.652 91.6438 71.7707 55.268 41.9517 31.3317 23.0059 16.5673 11.7049 8.10169 5.48446 3.62352 2.32474 1.44553 0.8668 0.497922 0.272587 0.141369 0.0690075 0.0315387 0.0134386 0.00532411 0.0019551 0.000664669 0.000208805
 125.646 135.292 145.542 156.349 167.745 179.675 192.145 227.308 262.346 284.136 307.785 333.53 361.877 393.243 428.469 468.696 514.974 560.14 608.24 660.413 716.716 775.976 838.402 887.728 953.145 1040.03 1121.87 1198.08 1278.53 1346.04 1434.92 1525.43 1617.85 1716.57 1820.46 1936.11 2057.28 2184.52 2317.19 2453.8 2594.44 2739.39 2887.98 3037.19 3190.9 3345.57 3499.79 3653.31 3806.21 3958.23 4103.88 4246.37 4381.35 4511.87 4629.78 4738.57 4837.38 4924.11 4992.75 5051.31 5092.01 5116.34 5118.12 5105.05 5074.72 5025.01 4959.46 4866.17 4766.93 4644.26 4504.59 4352.3 4188.28 4001.99 3815.91 3616.85 3418.55 3204.18 2987.92 2772.45 2558.31 2344.67 2136.65 1931.26 1734.16 1544.72 1364.42 1193.63 1035.37 889.337 755.84 634.3 526.037 430.229 347.547 276.473 216.829 167.246 126.941 94.7032 69.3439 49.8326 35.0825 24.1523 16.1869 10.5285 6.61416 3.98624 2.29317 1.25143 0.644515 0.3119 0.141338 0.0598483 0.0236223 0.00868587 0.00297067
 161.583 174.76 188.861 203.839 219.802 236.673 254.52 297.635 339.385 368.852 400.903 435.886 474.432 516.938 564.383 617.846 678.338 739.326 804.963 876.134 953.217 1035.38 1122.77 1200.37 1295.72 1415.11 1532.75 1648.57 1772.31 1886.37 2024.71 2168.72 2318.66 2479.09 2650.58 2839.12 3039.77 3251.97 3476.86 3711.81 3957.34 4214.99 4484.16 4761.8 5052.24 5352.62 5659.02 5974.57 6297.44 6628.48 6960.78 7297.58 7632.68 7972.64 8303.28 8628.99 8949.73 9261.31 9552.01 9833.76 10097.9 10336.4 10541.9 10730.5 10887.7 11010.8 11098.6 11136.8 11157.6 11128.1 11053.4 10942.3 10782.4 10576.5 10339.7 10052.6 9752.32 9392.7 8995.82 8580.86 8140.15 7677.01 7198.88 6698 6192.17 5683.54 5175.24 4667.47 4177.66 3702.4 3248.15 2815.82 2414.47 2043.22 1708.94 1407.53 1143.9 915.889 721.973 560.57 427.941 321.387 237.294 172.161 122.554 85.5018 58.4515 39.045 25.4466 16.1244 9.88342 5.82041 3.26389 1.72938 0.857845 0.395838 0.168917
 201.968 219.169 237.691 257.486 278.739 301.343 325.477 377.309 426.955 465.29 507.065 552.783 603.143 658.608 720.248 789.275 866.623 946.297 1032.53 1126.11 1227.76 1337 1453.84 1565.06 1696.15 1853.74 2013.72 2176.72 2352.19 2523.44 2721.83 2931.75 3153.64 3391.53 3647.41 3927.67 4228.2 4548.24 4890.09 5252.22 5634.54 6040.3 6469.89 6920.18 7395.77 7894.51 8413.5 8959.13 9525.2 10116.5 10726.3 11355.6 12000 12669.5 13344.8 14030.6 14729.5 15434 16129.2 16830.9 17527 18203.4 18858 19503 20111.3 20680.6 21202.8 21667.9 22109.6 22476.8 22764.6 22993.5 23117.9 23171.7 23133.7 22992.7 22791.1 22459.4 22020.3 21496.4 20882 20171.3 19388.8 18490.3 17527.2 16504.6 15426.7 14295.7 13142 11969 10799.5 9635.78 8512.25 7420.42 6396.84 5443.68 4572.2 3787.08 3091.77 2489.27 1974.59 1543.23 1188.11 900.427 671.287 491.467 353.04 247.85 169.25 111.798 70.9233 42.8701 24.5223 13.2063 6.66307 3.14153 1.38115
 253.574 275.969 300.174 326.216 354.31 384.398 416.715 478.49 537.691 587.153 641.156 700.366 765.474 837.211 916.578 1005.13 1103.67 1206.79 1319.01 1441.07 1574.03 1717.88 1872.56 2026.41 2203.49 2411.03 2626.22 2850.62 3093.33 3339.47 3617.49 3915.11 4233.71 4576.38 4946.82 5352.32 5789.78 6258.5 6762.48 7302.18 7876.7 8492.39 9150 9847.65 10590.9 11377.4 12209.3 13095.1 14025 15009.2 16042.1 17122.6 18251.4 19442.9 20674.7 21951.7 23281.1 24650.3 26050.4 27496.2 28972.7 30469.1 31986.6 33526.4 35050.2 36564.2 38049.4 39510.1 40952.7 42330.1 43607.9 44828.2 45904.9 46883.5 47711.7 48390.4 48908.2 49211.2 49321.4 49193.4 48857.7 48267 47493.2 46373.9 45038 43476.2 41658.4 39630.1 37397.4 34982.8 32447.2 29771.1 27061.7 24319.1 21625.6 18994.9 16487.9 14132.4 11957.4 9987.12 8236.22 6704.07 5384.44 4264.08 3329 2556.77 1928.87 1423.39 1021.15 708.524 472.066 299.868 180.654 102.783 55.0661 27.7255 13.106
 324.629 354.327 386.509 421.338 459.07 499.81 543.815 617.92 690.012 754.95 825.95 903.891 989.515 1083.87 1187.85 1303.5 1431.6 1567.47 1715.73 1877.67 2054.45 2246.67 2454.53 2667.95 2909.59 3187.29 3479.88 3790.84 4127.84 4480.12 4871.34 5293.67 5749.83 6243.05 6777.87 7363.41 7997.97 8681.94 9422.09 10219.2 11075.6 12000.6 12995.1 14058.6 15203.6 16426.2 17734.8 19134.7 20629 22220.6 23915.4 25708.2 27610.5 29635.9 31773.3 34016.4 36389.9 38870 41471.2 44189.6 47031.5 49985.1 53040 56214.2 59443.2 62764.5 66141.1 69616.1 73104.6 76637.1 80118.8 83622 87019.3 90347.9 93536.2 96579 99385.2 101926 104202 106064 107540 108546 109183 109092 108415 107197 105280 102733 99494.7 95602.9 91081.9 86017.4 80531.3 74626.6 68498 62169 55846.7 49603.9 43568.3 37827.9 32479.9 27580.8 23145.3 19198.4 15734.1 12729.1 10153.2 7959.73 6102.57 4553.26 3283.54 2271.77 1499.49 939.348 556.641 311.284 164.033
