11123  98.405866888053    6.5717926499672   2.14612305882156E-05   4.73307825439306E-05  20.75111
11123  98.4287612511944   6.52670311604781  1.57315665347824E-05   1.94247339777576E-05  12.99891
11123  98.4467000761076   6.55794276779919  1.46894358294958E-05   1.62735469659836E-05  29.94879
11123  98.4339337699321   6.54177110421375  5.90220120955109E-06   7.01931569047076E-06  110.0444
19165  98.4058471199036   6.57175528588989  3.53177187975007E-05   3.74835304626231E-05  9.183949
19165  98.4288045598489   6.5267091358987   3.81258902280024E-05   3.7424557655541E-05   10.80881
19165  98.4466765358358   6.55797411297645  1.8678976957176E-05    1.76799094226965E-05  18.77869
19165  98.4338699734345   6.54184207856392  1.73493899353616E-05   2.25303675476241E-05  38.57165
20876  98.4058128888047   6.57175098927913  3.33279659656682E-05   4.25378375235042E-05  12.38823
20876  98.4288320834992   6.5267011607318   2.99838418129639E-05   2.97890372005227E-05  8.655969
20876  98.4466832408003   6.55798638234707  1.68168514846911E-05   1.63966390198667E-05  19.65276
20876  98.4338642692576   6.54190299097809  1.95775425169131E-05   1.70589083747785E-05  32.96418
