0     98.4339337699321        6.54177110421375        5.90220120955109E-06    7.01931569047076E-06    110.0443
0     98.4287612511944        6.52670311604781        1.57315665347824E-05    1.94247339777576E-05    12.9989
0     98.4467000761076        6.55794276779919        1.46894358294958E-05    1.62735469659836E-05    29.90836
0     98.405866888053         6.5717926499672         2.14612305882156E-05    4.73307825439306E-05    20.75124
1     98.4338996393228        6.54176540992673        1.73493872779318E-05    2.25303675467359E-05    38.57175
1     98.4288342265131        6.52663246726167        3.81258843873411E-05    3.74245576582055E-05    10.79384
1     98.4467061997535        6.55789744434153        1.86789740865834E-05    1.76799094164792E-05    18.75745
1     98.405876790111         6.5716786172611         3.53177133405325E-05    3.74835304830512E-05    9.185035
2     98.4338751846106        6.5418158858174         1.9577539106308E-05     1.70589083738903E-05    32.96418
2     98.4288429997278        6.52661405557131        2.99838365833693E-05    2.97890372049636E-05    8.655968
2     98.4466941539125        6.55789927718891        1.68168485430442E-05    1.63966390136494E-05    19.62464
2     98.4058238090698        6.57166388412812        3.33279601107961E-05    4.25378375465968E-05    12.38818
