Reference stars + j0633
-------------------------------
ObsID	RA (deg)		Dec (deg)		RA_err (deg)		Dec_err (deg)		Significance

11123	98.405866888053		6.5717926499672		2.14612305882156E-05	4.73307825439306E-05	20.75111
11123	98.4287612511944	6.52670311604781	1.57315665347824E-05	1.94247339777576E-05	12.99891
11123	98.4467000761076	6.55794276779919	1.46894358294958E-05	1.62735469659836E-05	29.94879 
11123	98.4339337699321	6.54177110421375	5.90220120955109E-06	7.01931569047076E-06	110.0444 j0633
-------------------------------
Old coordinates (before correction)
-------------------------------
19165	98.405876790111		6.5716786172611		3.53177133405325E-05	3.74835304830512E-05	9.183949
19165	98.4288342265131	6.52663246726167	3.81258843873411E-05	3.74245576582055E-05	10.80881
19165	98.4467061997535	6.55789744434153	1.86789740865834E-05	1.76799094164792E-05	18.77869
19165	98.4338996393228	6.54176540992673	1.73493872779318E-05	2.25303675467359E-05	38.57165 j0633

20876	98.4058238090698	6.57166388412812	3.33279601107961E-05	4.25378375465968E-05	12.38823
20876	98.4288429997278	6.52661405557131	2.99838365833693E-05	2.97890372049636E-05	8.655969
20876	98.4466941539125	6.55789927718891	1.68168485430442E-05	1.63966390136494E-05	19.65276
20876	98.4338751846106	6.5418158858174		1.9577539106308E-05	1.70589083738903E-05	32.96418 j0633
-------------------------------
New coordinates	(correction http://cxc.harvard.edu/ciao/threads/reproject_aspect/)
-------------------------------
19165	98.4058471199036	6.57175528588989	3.53177187975007E-05	3.74835304626231E-05	9.183949
19165	98.4288045598489	6.5267091358987		3.81258902280024E-05	3.7424557655541E-05	10.80881
19165	98.4466765358358	6.55797411297645	1.8678976957176E-05	1.76799094226965E-05	18.77869
19165	98.4338699734345	6.54184207856392	1.73493899353616E-05	2.25303675476241E-05	38.57165 j0633		

20876	98.4058128888047	6.57175098927913	3.33279659656682E-05	4.25378375235042E-05	12.38823
20876	98.4288320834992	6.5267011607318		2.99838418129639E-05	2.97890372005227E-05	8.655969
20876	98.4466832408003	6.55798638234707	1.68168514846911E-05	1.63966390198667E-05	19.65276
20876	98.4338642692576	6.54190299097809	1.95775425169131E-05	1.70589083747785E-05	32.96418 j0633
-------------------------------


