11123  98.4339321995281        6.54176895716153        6.32747041606763E-06    7.49534555577469E-06    101.9875
11123  98.428719245409         6.52676268810744        3.02893485013556E-05    2.92323874324651E-05    11.78561
11123  98.4466965165991        6.55794542008302        1.49132411877417E-05    1.62653228423792E-05    25.64103
11123  98.4058351891021        6.57178587250009        2.90098660968852E-05    4.67381709370329E-05    17.609
19165  98.4339018697842  6.54176597678924  1.71893673694967E-05    2.21201825896244E-05    34.44922
19165  98.4288276759941  6.52664927937846  3.73227474739224E-05    3.96849248209818E-05    9.780581
19165  98.4467143881919  6.55789532903524  1.88084069208116E-05    1.92447070208601E-05    16.94822
19165  98.4059156360232  6.57177226127766  3.85340246964461E-05    6.74173047707782E-05    7.697106
20876  98.4338692112711  6.54181256952472  2.00277212627498E-05    1.66553662159785E-05    30.35603
20876  98.4288281126636  6.52659157349458  3.21048185867312E-05    3.59305887167594E-05    8.165492
20876  98.4466903991382  6.55789753126019  1.6830377091992E-05     1.60989532238531E-05    17.84534
20876  98.4057688824915  6.57169707164702  4.67241641501914E-05    4.7370240692679E-05     10.31273
