0     98.4339349204984        6.54177812738237        5.8015001656031E-06     6.92209688502032E-06    108.9475
0     98.4287590367163        6.52670311601718        1.60665155846118E-05    1.70831087302759E-05    12.97647
0     98.4466979232033        6.55794004092886        1.42191659335822E-05    1.62726575378969E-05    30.29056
0     98.4058707635107        6.57178880043325        2.14316194160347E-05    4.70032996080505E-05    21.47613
1     98.4338996393228        6.54176540992673        1.73493872779318E-05    2.25303675467359E-05    38.57175
1     98.4288342265131        6.52663246726167        3.81258843873411E-05    3.74245576582055E-05    10.79384
1     98.4467061997535        6.55789744434153        1.86789740865834E-05    1.76799094164792E-05    18.75745
1     98.405876790111         6.5716786172611         3.53177133405325E-05    3.74835304830512E-05    9.185035
2     98.4338751846106        6.5418158858174         1.9577539106308E-05     1.70589083738903E-05    32.96418
2     98.4288429997278        6.52661405557131        2.99838365833693E-05    2.97890372049636E-05    8.655968
2     98.4466941539125        6.55789927718891        1.68168485430442E-05    1.63966390136494E-05    19.62464
2     98.4058238090698        6.57166388412812        3.33279601107961E-05    4.25378375465968E-05    12.38818
