0 0 13 0.014 0.014
5 0 13 0.014 0.014
10 0 13 0.014 0.014
15 0 13 0.014 0.014
20 0 13 0.014 0.014
25 0 13 0.014 0.014
30 0 13 0.014 0.014
35 0 13 0.014 0.014
40 0 13 0.014 0.014
45 0 13 0.014 0.014
50 0.001 13 0.014 0.014
55 0.001 13 0.015 0.015
60 0.001 13 0.015 0.015
65 0.001 13 0.015 0.015
70 0.001 13 0.015 0.015
75 0.001 13 0.015 0.015
80 0.001 13 0.015 0.015
85 0.001 13 0.015 0.015
90 0.001 13 0.015 0.015
95 0.002 13 0.015 0.015
100 0.002 13 0.015 0.015
105 0.002 13 0.015 0.015
110 0.002 13 0.015 0.015
115 0.002 13 0.015 0.015
120 0.003 14 0.015 0.015
125 0.003 14 0.015 0.015
130 0.003 15 0.016 0.016
135 0.003 15 0.016 0.016
140 0.004 15 0.016 0.016
145 0.004 16 0.017 0.017
150 0.005 16 0.017 0.017
155 0.005 17 0.017 0.017
160 0.006 17 0.017 0.017
165 0.006 18 0.018 0.018
170 0.006 18 0.018 0.018
175 0.007 19 0.018 0.018
180 0.007 19 0.019 0.019
185 0.008 20 0.019 0.019
190 0.008 20 0.02 0.02
195 0.008 21 0.02 0.02
200 0.009 21 0.02 0.02
205 0.009 21 0.02 0.02
210 0.009 22 0.02 0.02
215 0.01 22 0.02 0.02
220 0.01 22 0.021 0.021
225 0.01 23 0.022 0.022
230 0.01 23 0.022 0.022
235 0.011 23 0.022 0.022
240 0.011 23 0.022 0.022
245 0.011 24 0.022 0.022
250 0.011 24 0.022 0.022
255 0.012 24 0.023 0.023
260 0.012 24 0.024 0.024
265 0.012 24 0.024 0.024
270 0.012 25 0.025 0.025
275 0.012 25 0.025 0.025
280 0.013 25 0.026 0.026
285 0.013 25 0.027 0.027
290 0.013 25 0.027 0.027
295 0.013 25 0.028 0.028
300 0.014 25 0.028 0.028
305 0.014 25 0.029 0.029
310 0.014 26 0.029 0.029
315 0.015 26 0.029 0.029
320 0.016 26 0.03 0.03
325 0.016 26 0.03 0.03
330 0.017 26 0.031 0.031
335 0.018 26 0.031 0.031
340 0.019 26 0.031 0.031
345 0.021 26 0.032 0.032
350 0.024 27 0.033 0.033
355 0.026 27 0.035 0.035
360 0.029 27 0.036 0.036
365 0.032 27 0.037 0.037
370 0.035 27 0.038 0.038
375 0.037 28 0.038 0.038
380 0.039 28 0.039 0.039
385 0.04 29 0.039 0.039
390 0.041 29 0.04 0.04
395 0.042 29 0.041 0.041
400 0.043 29 0.042 0.042
405 0.044 30 0.042 0.042
410 0.045 30 0.044 0.044
415 0.045 31 0.045 0.045
420 0.046 31 0.046 0.046
425 0.046 31 0.046 0.046
430 0.047 31 0.046 0.046
435 0.047 31 0.045 0.045
440 0.048 31 0.045 0.045
445 0.048 31 0.046 0.046
450 0.048 31 0.047 0.047
455 0.049 32 0.048 0.048
460 0.049 32 0.048 0.048
465 0.05 32 0.049 0.049
470 0.05 32 0.05 0.05
475 0.051 32 0.051 0.051
480 0.051 32 0.051 0.051
485 0.052 33 0.051 0.051
490 0.053 33 0.051 0.051
495 0.053 33 0.05 0.05
500 0.054 33 0.053 0.053
505 0.054 33 0.05 0.05
510 0.055 33 0.049 0.049
515 0.056 33 0.049 0.049
520 0.057 33 0.049 0.049
525 0.057 33 0.049 0.049
530 0.058 33 0.049 0.049
535 0.059 33 0.049 0.049
540 0.06 33 0.05 0.05
545 0.061 33 0.05 0.05
550 0.061 33 0.049 0.049
555 0.062 33 0.05 0.05
560 0.063 34 0.052 0.052
565 0.063 33 0.05 0.05
570 0.064 33 0.05 0.05
575 0.064 34 0.05 0.05
580 0.065 34 0.05 0.05
585 0.065 33 0.049 0.049
590 0.066 33 0.048 0.048
595 0.066 34 0.048 0.048
600 0.067 34 0.049 0.049
605 0.067 34 0.047 0.047
610 0.068 34 0.048 0.048
615 0.068 34 0.047 0.047
620 0.069 34 0.048 0.048
625 0.069 34 0.049 0.049
630 0.07 34 0.049 0.049
635 0.07 34 0.052 0.052
640 0.071 34 0.056 0.056
645 0.071 34 0.057 0.057
650 0.072 34 0.056 0.056
655 0.073 35 0.056 0.056
660 0.073 35 0.057 0.057
665 0.074 35 0.058 0.058
670 0.075 35 0.064 0.064
675 0.076 35 0.064 0.064
680 0.077 35 0.066 0.066
685 0.079 35 0.066 0.066
690 0.081 35 0.066 0.066
695 0.084 35 0.067 0.067
700 0.088 35 0.068 0.068
705 0.094 35 0.071 0.071
710 0.102 35 0.074 0.074
715 0.113 35 0.074 0.074
720 0.125 35 0.071 0.071
725 0.138 36 0.072 0.072
730 0.148 36 0.072 0.072
735 0.155 36 0.071 0.071
740 0.161 36 0.072 0.072
745 0.164 36 0.072 0.072
750 0.167 36 0.071 0.071
755 0.168 36 0.071 0.071
760 0.17 36 0.072 0.072
765 0.171 36 0.072 0.072
770 0.172 36 0.077 0.077
775 0.173 36 0.077 0.077
780 0.174 36 0.079 0.079
785 0.174 36 0.081 0.081
790 0.175 36 0.085 0.085
795 0.176 37 0.085 0.085
800 0.176 37 0.083 0.083
805 0.177 37 0.083 0.083
810 0.178 37 0.085 0.085
815 0.179 37 0.084 0.084
820 0.18 37 0.084 0.084
825 0.181 37 0.085 0.085
830 0.183 37 0.086 0.086
835 0.184 37 0.087 0.087
840 0.186 37 0.088 0.088
845 0.188 38 0.088 0.088
850 0.19 38 0.088 0.088
855 0.192 38 0.084 0.084
860 0.194 38 0.075 0.075
865 0.196 38 0.075 0.075
870 0.198 38 0.076 0.076
875 0.2 38 0.077 0.077
880 0.202 39 0.078 0.078
885 0.204 39 0.079 0.079
890 0.205 39 0.078 0.078
895 0.207 39 0.078 0.078
900 0.208 39 0.078 0.078
905 0.209 40 0.078 0.078
910 0.21 40 0.078 0.078
915 0.211 40 0.078 0.078
920 0.212 40 0.078 0.078
925 0.213 40 0.079 0.079
930 0.213 40 0.077 0.077
935 0.214 40 0.077 0.077
940 0.215 40 0.078 0.078
945 0.215 40 0.078 0.078
950 0.216 40 0.08 0.08
955 0.216 41 0.082 0.082
960 0.217 41 0.083 0.083
965 0.217 41 0.084 0.084
970 0.218 41 0.085 0.085
975 0.218 41 0.085 0.085
980 0.219 42 0.085 0.085
985 0.219 42 0.086 0.086
990 0.219 42 0.081 0.081
995 0.22 42 0.078 0.078
1000 0.22 43 0.077 0.077
1005 0.22 43 0.076 0.076
1010 0.221 43 0.075 0.075
1015 0.221 43 0.074 0.074
1020 0.222 43 0.075 0.075
1025 0.222 43 0.077 0.077
1030 0.222 44 0.078 0.078
1035 0.223 44 0.083 0.083
1040 0.223 44 0.084 0.084
1045 0.223 44 0.088 0.088
1050 0.224 44 0.088 0.088
1055 0.224 44 0.085 0.085
1060 0.224 44 0.085 0.085
1065 0.225 44 0.087 0.087
1070 0.225 44 0.087 0.087
1075 0.225 45 0.086 0.086
1080 0.226 46 0.088 0.088
1085 0.226 46 0.085 0.085
1090 0.226 46 0.083 0.083
1095 0.227 46 0.085 0.085
1100 0.227 45 0.096 0.096
1105 0.228 45 0.101 0.101
1110 0.228 45 0.101 0.101
1115 0.228 46 0.102 0.102
1120 0.229 46 0.104 0.104
1125 0.229 46 0.105 0.105
1130 0.229 45 0.106 0.106
1135 0.23 45 0.11 0.11
1140 0.23 46 0.113 0.113
1145 0.23 46 0.116 0.116
1150 0.231 46 0.119 0.119
1155 0.231 47 0.122 0.122
1160 0.231 46 0.122 0.122
1165 0.232 46 0.123 0.123
1170 0.232 46 0.126 0.126
1175 0.232 46 0.124 0.124
1180 0.233 46 0.117 0.117
1185 0.233 46 0.118 0.118
1190 0.233 46 0.129 0.129
1195 0.234 46 0.128 0.128
1200 0.234 46 0.131 0.131
1205 0.234 46 0.133 0.133
1210 0.234 46 0.133 0.133
1215 0.235 46 0.132 0.132
1220 0.235 46 0.132 0.132
1225 0.235 46 0.134 0.134
1230 0.235 46 0.134 0.134
1235 0.236 46 0.132 0.132
1240 0.236 46 0.13 0.13
1245 0.236 46 0.129 0.129
1250 0.236 46 0.127 0.127
1255 0.237 47 0.126 0.126
1260 0.237 47 0.127 0.127
1265 0.237 47 0.128 0.128
1270 0.238 47 0.129 0.129
1275 0.238 47 0.131 0.131
1280 0.238 48 0.133 0.133
1285 0.238 47 0.131 0.131
1290 0.239 47 0.13 0.13
1295 0.239 47 0.128 0.128
1300 0.239 47 0.126 0.126
1305 0.24 47 0.127 0.127
1310 0.24 47 0.126 0.126
1315 0.24 47 0.122 0.122
1320 0.241 47 0.115 0.115
1325 0.241 47 0.109 0.109
1330 0.242 47 0.107 0.107
1335 0.242 47 0.104 0.104
1340 0.243 47 0.101 0.101
1345 0.243 47 0.097 0.097
1350 0.244 47 0.09 0.09
1355 0.244 47 0.087 0.087
1360 0.245 47 0.087 0.087
1365 0.246 47 0.083 0.083
1370 0.247 47 0.082 0.082
1375 0.248 47 0.087 0.087
1380 0.249 47 0.092 0.092
1385 0.251 48 0.092 0.092
1390 0.253 48 0.092 0.092
1395 0.256 48 0.092 0.092
1400 0.259 48 0.093 0.093
1405 0.264 48 0.093 0.093
1410 0.272 49 0.084 0.084
1415 0.281 49 0.082 0.082
1420 0.293 50 0.08 0.08
1425 0.305 50 0.079 0.079
1430 0.317 50 0.08 0.08
1435 0.327 50 0.081 0.081
1440 0.335 50 0.08 0.08
1445 0.34 51 0.083 0.083
1450 0.345 51 0.093 0.093
1455 0.348 51 0.094 0.094
1460 0.351 52 0.088 0.088
1465 0.353 52 0.085 0.085
1470 0.355 52 0.084 0.084
1475 0.356 52 0.083 0.083
1480 0.357 52 0.082 0.082
1485 0.358 52 0.083 0.083
1490 0.359 52 0.085 0.085
1495 0.36 52 0.084 0.084
1500 0.361 52 0.084 0.084
1505 0.362 53 0.085 0.085
1510 0.362 52 0.085 0.085
1515 0.363 53 0.086 0.086
1520 0.363 53 0.09 0.09
1525 0.364 52 0.098 0.098
1530 0.364 53 0.101 0.101
1535 0.365 53 0.103 0.103
1540 0.365 54 0.105 0.105
1545 0.365 53 0.105 0.105
1550 0.366 53 0.106 0.106
1555 0.366 54 0.102 0.102
1560 0.366 54 0.096 0.096
1565 0.367 54 0.091 0.091
1570 0.367 54 0.093 0.093
1575 0.367 54 0.093 0.093
1580 0.367 54 0.094 0.094
1585 0.368 54 0.094 0.094
1590 0.368 54 0.094 0.094
1595 0.368 54 0.094 0.094
1600 0.369 54 0.091 0.091
1605 0.369 54 0.088 0.088
1610 0.369 54 0.082 0.082
1615 0.369 54 0.083 0.083
1620 0.37 54 0.082 0.082
1625 0.37 54 0.083 0.083
1630 0.37 53 0.084 0.084
1635 0.37 52 0.083 0.083
1640 0.371 52 0.081 0.081
1645 0.371 52 0.081 0.081
1650 0.371 53 0.081 0.081
1655 0.371 53 0.077 0.077
1660 0.372 54 0.078 0.078
1665 0.372 54 0.077 0.077
1670 0.372 53 0.068 0.068
1675 0.372 53 0.068 0.068
1680 0.373 52 0.068 0.068
1685 0.373 52 0.069 0.069
1690 0.373 52 0.069 0.069
1695 0.374 51 0.07 0.07
1700 0.374 52 0.071 0.071
1705 0.374 52 0.071 0.071
1710 0.374 51 0.065 0.065
1715 0.375 51 0.059 0.059
1720 0.375 51 0.061 0.061
1725 0.375 51 0.063 0.063
1730 0.376 51 0.067 0.067
1735 0.376 51 0.069 0.069
1740 0.376 52 0.07 0.07
1745 0.377 52 0.072 0.072
1750 0.377 52 0.077 0.077
1755 0.377 52 0.079 0.079
1760 0.378 53 0.079 0.079
1765 0.378 52 0.08 0.08
1770 0.378 52 0.079 0.079
1775 0.379 52 0.081 0.081
1780 0.379 52 0.081 0.081
1785 0.379 52 0.081 0.081
1790 0.38 52 0.079 0.079
1795 0.38 52 0.078 0.078
1800 0.38 52 0.078 0.078
1805 0.381 52 0.08 0.08
1810 0.381 53 0.083 0.083
1815 0.382 53 0.084 0.084
1820 0.382 54 0.083 0.083
1825 0.383 54 0.075 0.075
1830 0.383 54 0.075 0.075
1835 0.384 54 0.078 0.078
1840 0.384 53 0.078 0.078
1845 0.385 53 0.078 0.078
1850 0.386 54 0.078 0.078
1855 0.386 55 0.079 0.079
1860 0.387 55 0.08 0.08
1865 0.388 54 0.078 0.078
1870 0.39 54 0.079 0.079
1875 0.391 55 0.081 0.081
1880 0.392 55 0.08 0.08
1885 0.394 56 0.08 0.08
1890 0.396 58 0.083 0.083
1895 0.398 58 0.085 0.085
1900 0.4 57 0.088 0.088
1905 0.402 57 0.092 0.092
1910 0.404 57 0.095 0.095
1915 0.406 57 0.101 0.101
1920 0.409 58 0.11 0.11
1925 0.411 58 0.111 0.111
1930 0.412 59 0.116 0.116
1935 0.414 59 0.109 0.109
1940 0.415 58 0.106 0.106
1945 0.417 58 0.106 0.106
1950 0.418 59 0.103 0.103
1955 0.419 59 0.1 0.1
1960 0.42 60 0.098 0.098
1965 0.421 60 0.097 0.097
1970 0.422 60 0.098 0.098
1975 0.422 60 0.1 0.1
1980 0.423 61 0.103 0.103
1985 0.424 61 0.105 0.105
1990 0.424 62 0.126 0.126
1995 0.425 64 0.148 0.148
2000 0.425 65 0.157 0.157
2005 0.426 65 0.162 0.162
2010 0.426 64 0.17 0.17
2015 0.427 64 0.175 0.175
2020 0.428 63 0.178 0.178
2025 0.428 63 0.177 0.177
2030 0.429 64 0.175 0.175
2035 0.429 63 0.173 0.173
2040 0.429 62 0.176 0.176
2045 0.43 62 0.177 0.177
2050 0.43 62 0.177 0.177
2055 0.431 62 0.181 0.181
2060 0.431 62 0.182 0.182
2065 0.432 61 0.178 0.178
2070 0.432 61 0.175 0.175
2075 0.433 61 0.175 0.175
2080 0.433 61 0.18 0.18
2085 0.434 62 0.189 0.189
2090 0.434 63 0.193 0.193
2095 0.435 63 0.18 0.18
2100 0.435 61 0.17 0.17
2105 0.436 61 0.168 0.168
2110 0.437 61 0.168 0.168
2115 0.437 60 0.167 0.167
2120 0.438 60 0.166 0.166
2125 0.438 59 0.162 0.162
2130 0.439 57 0.154 0.154
2135 0.44 58 0.152 0.152
2140 0.44 59 0.15 0.15
2145 0.441 59 0.153 0.153
2150 0.442 58 0.152 0.152
2155 0.442 58 0.153 0.153
2160 0.443 58 0.157 0.157
2165 0.444 58 0.16 0.16
2170 0.445 58 0.16 0.16
2175 0.445 58 0.161 0.161
2180 0.446 57 0.159 0.159
2185 0.447 57 0.158 0.158
2190 0.448 58 0.161 0.161
2195 0.448 57 0.169 0.169
2200 0.449 58 0.164 0.164
2205 0.45 59 0.164 0.164
