5.000000000000000E-02 6.219941348973607E-03
5.995995995995997E-02 1.248770618125457E-02
6.991991991991992E-02 1.875547101353553E-02
7.987987987987988E-02 2.502323584581649E-02
8.983983983983984E-02 3.129100067809745E-02
9.979979979979980E-02 3.755876551037841E-02
1.097597597597598E-01 4.382653034265938E-02
1.197197197197197E-01 5.009429517494033E-02
1.296796796796797E-01 5.636206000722131E-02
1.396396396396397E-01 6.262982483950227E-02
1.495995995995996E-01 6.889758967178325E-02
1.595595595595596E-01 6.922328927167638E-02
1.695195195195195E-01 6.930010655817109E-02
1.794794794794795E-01 6.937692384466579E-02
1.894394394394394E-01 6.945374113116048E-02
1.993993993993994E-01 6.953055841765519E-02
2.093593593593593E-01 6.960737570414989E-02
2.193193193193193E-01 6.968419299064461E-02
2.292792792792793E-01 6.976101027713931E-02
2.392392392392392E-01 6.983782756363402E-02
2.491991991991992E-01 6.991464485012873E-02
2.591591591591592E-01 7.030840664711631E-02
2.691191191191191E-01 7.072987943955684E-02
2.790790790790791E-01 7.115135223199739E-02
2.890390390390390E-01 7.157282502443792E-02
2.989989989989990E-01 7.199429781687847E-02
3.089589589589589E-01 7.241577060931899E-02
3.189189189189189E-01 7.283724340175951E-02
3.288788788788788E-01 7.325871619420005E-02
3.388388388388388E-01 7.368018898664058E-02
3.487987987987988E-01 7.410166177908112E-02
3.587587587587587E-01 7.515859407794891E-02
3.687187187187187E-01 7.630267510912671E-02
3.786786786786787E-01 7.744675614030451E-02
3.886386386386386E-01 7.859083717148234E-02
3.985985985985986E-01 7.973491820266013E-02
4.085585585585585E-01 8.087899923383793E-02
4.185185185185185E-01 8.202308026501574E-02
4.284784784784785E-01 8.316716129619355E-02
4.384384384384384E-01 8.431124232737136E-02
4.483983983983984E-01 8.545532335854918E-02
4.583583583583583E-01 8.576577457222619E-02
4.683183183183183E-01 8.591648833584317E-02
4.782782782782782E-01 8.606720209946017E-02
4.882382382382382E-01 8.621791586307714E-02
4.981981981981982E-01 8.636862962669414E-02
5.081581581581581E-01 8.651934339031113E-02
5.181181181181181E-01 8.667005715392813E-02
5.280780780780781E-01 8.682077091754511E-02
5.380380380380381E-01 8.697148468116209E-02
5.479979979979980E-01 8.712219844477911E-02
5.579579579579580E-01 8.746661030531999E-02
5.679179179179179E-01 8.785975124684801E-02
5.778778778778779E-01 8.825289218837606E-02
5.878378378378378E-01 8.864603312990410E-02
5.977977977977978E-01 8.903917407143212E-02
6.077577577577578E-01 8.943231501296017E-02
6.177177177177178E-01 8.982545595448822E-02
6.276776776776777E-01 9.021859689601625E-02
6.376376376376377E-01 9.061173783754430E-02
6.475975975975976E-01 9.100487877907232E-02
6.575575575575576E-01 9.134261240712852E-02
6.675175175175175E-01 9.166273311434600E-02
6.774774774774776E-01 9.198285382156350E-02
6.874374374374375E-01 9.230297452878097E-02
6.973973973973974E-01 9.262309523599845E-02
7.073573573573574E-01 9.294321594321595E-02
7.173173173173173E-01 9.326333665043343E-02
7.272772772772773E-01 9.358345735765090E-02
7.372372372372372E-01 9.390357806486839E-02
7.471971971971972E-01 9.422369877208588E-02
7.571571571571571E-01 9.459335288367546E-02
7.671171171171172E-01 9.498240469208212E-02
7.770770770770771E-01 9.537145650048875E-02
7.870370370370371E-01 9.576050830889540E-02
7.969969969969970E-01 9.614956011730205E-02
8.069569569569570E-01 9.653861192570870E-02
8.169169169169169E-01 9.692766373411535E-02
8.268768768768769E-01 9.731671554252198E-02
8.368368368368369E-01 9.770576735092865E-02
8.467967967967969E-01 9.809481915933531E-02
8.567567567567568E-01 9.848387096774194E-02
8.667167167167167E-01 9.887292277614858E-02
8.766766766766767E-01 9.926197458455523E-02
8.866366366366366E-01 9.965102639296189E-02
8.965965965965966E-01 1.000400782013685E-01
9.065565565565565E-01 1.004291300097752E-01
9.165165165165166E-01 1.008181818181818E-01
9.264764764764765E-01 1.012072336265885E-01
9.364364364364365E-01 1.015962854349951E-01
9.463963963963964E-01 1.019853372434018E-01
9.563563563563564E-01 1.100974552264876E-01
9.663163163163163E-01 1.225880044267142E-01
9.762762762762763E-01 1.350785536269409E-01
9.862362362362362E-01 1.475691028271675E-01
9.961961961961963E-01 1.600596520273942E-01
1.006156156156156E+00 1.725502012276206E-01
1.016116116116116E+00 1.850407504278473E-01
1.026076076076076E+00 1.975312996280740E-01
1.036036036036036E+00 2.100218488283005E-01
1.045995995995996E+00 2.225123980285272E-01
1.055955955955956E+00 2.280180605825767E-01
1.065915915915916E+00 2.288280010215494E-01
1.075875875875876E+00 2.296379414605221E-01
1.085835835835836E+00 2.304478818994947E-01
1.095795795795796E+00 2.312578223384675E-01
1.105755755755756E+00 2.320677627774402E-01
1.115715715715716E+00 2.328777032164129E-01
1.125675675675676E+00 2.336876436553856E-01
1.135635635635636E+00 2.344975840943583E-01
1.145595595595596E+00 2.353075245333310E-01
1.155555555555556E+00 2.358563049853373E-01
1.165515515515515E+00 2.361980396819106E-01
1.175475475475475E+00 2.365397743784841E-01
1.185435435435436E+00 2.368815090750575E-01
1.195395395395395E+00 2.372232437716309E-01
1.205355355355355E+00 2.375649784682043E-01
1.215315315315315E+00 2.379067131647777E-01
1.225275275275275E+00 2.382484478613511E-01
1.235235235235235E+00 2.385901825579245E-01
1.245195195195195E+00 2.389319172544979E-01
1.255155155155155E+00 2.392092503060246E-01
1.265115115115115E+00 2.394265585233327E-01
1.275075075075075E+00 2.396438667406410E-01
1.285035035035035E+00 2.398611749579491E-01
1.294994994994995E+00 2.400784831752574E-01
1.304954954954955E+00 2.402957913925657E-01
1.314914914914915E+00 2.405130996098739E-01
1.324874874874875E+00 2.407304078271821E-01
1.334834834834835E+00 2.409477160444903E-01
1.344794794794795E+00 2.411650242617985E-01
1.354754754754755E+00 2.415319469029147E-01
1.364714714714715E+00 2.420626579658837E-01
1.374674674674675E+00 2.425933690288529E-01
1.384634634634635E+00 2.431240800918220E-01
1.394594594594595E+00 2.436547911547912E-01
1.404554554554555E+00 2.441855022177603E-01
1.414514514514515E+00 2.447162132807294E-01
1.424474474474474E+00 2.452469243436985E-01
1.434434434434434E+00 2.457776354066677E-01
1.444394394394394E+00 2.463083464696368E-01
1.454354354354354E+00 2.470067193293000E-01
1.464314314314314E+00 2.479209326628682E-01
1.474274274274274E+00 2.488351459964363E-01
1.484234234234234E+00 2.497493593300045E-01
1.494194194194194E+00 2.506635726635727E-01
1.504154154154154E+00 2.515777859971409E-01
1.514114114114114E+00 2.524919993307090E-01
1.524074074074074E+00 2.534062126642772E-01
1.534034034034034E+00 2.543204259978454E-01
1.543993993993994E+00 2.552346393314135E-01
1.553953953953954E+00 2.558470303147722E-01
1.563913913913914E+00 2.560009569686989E-01
1.573873873873874E+00 2.561548836226255E-01
1.583833833833834E+00 2.563088102765522E-01
1.593793793793794E+00 2.564627369304789E-01
1.603753753753754E+00 2.566166635844055E-01
1.613713713713714E+00 2.567705902383322E-01
1.623673673673674E+00 2.569245168922588E-01
1.633633633633634E+00 2.570784435461855E-01
1.643593593593594E+00 2.572323702001122E-01
1.653553553553553E+00 2.573358593197302E-01
1.663513513513514E+00 2.573484188000317E-01
1.673473473473474E+00 2.573609782803331E-01
1.683433433433433E+00 2.573735377606345E-01
1.693393393393393E+00 2.573860972409359E-01
1.703353353353353E+00 2.573986567212374E-01
1.713313313313313E+00 2.574112162015388E-01
1.723273273273273E+00 2.574237756818402E-01
1.733233233233233E+00 2.574363351621416E-01
1.743193193193193E+00 2.574488946424430E-01
1.753153153153153E+00 2.578268870043063E-01
1.763113113113113E+00 2.589937503485891E-01
1.773073073073073E+00 2.601606136928718E-01
1.783033033033033E+00 2.613274770371545E-01
1.792992992992993E+00 2.624943403814372E-01
1.802952952952953E+00 2.636612037257199E-01
1.812912912912913E+00 2.648280670700026E-01
1.822872872872873E+00 2.659949304142853E-01
1.832832832832833E+00 2.671617937585680E-01
1.842792792792793E+00 2.683286571028507E-01
1.852752752752753E+00 2.701443144023790E-01
1.862712712712713E+00 2.736586322392775E-01
1.872672672672673E+00 2.771729500761759E-01
1.882632632632633E+00 2.806872679130744E-01
1.892592592592593E+00 2.842015857499729E-01
1.902552552552553E+00 2.877159035868714E-01
1.912512512512512E+00 2.912302214237698E-01
1.922472472472472E+00 2.947445392606683E-01
1.932432432432432E+00 2.982588570975668E-01
1.942392392392392E+00 3.017731749344653E-01
1.952352352352352E+00 3.047165127003837E-01
1.962312312312312E+00 3.058132766197283E-01
1.972272272272272E+00 3.069100405390728E-01
1.982232232232232E+00 3.080068044584174E-01
1.992192192192192E+00 3.091035683777620E-01
2.002152152152152E+00 3.102003322971065E-01
2.012112112112112E+00 3.112970962164511E-01
2.022072072072072E+00 3.123938601357956E-01
2.032032032032032E+00 3.134906240551403E-01
2.041991991991992E+00 3.145873879744848E-01
2.051951951951952E+00 3.156788283885059E-01
2.061911911911912E+00 3.167484287806868E-01
2.071871871871872E+00 3.178180291728679E-01
2.081831831831832E+00 3.188876295650490E-01
2.091791791791791E+00 3.199572299572299E-01
2.101751751751752E+00 3.210268303494110E-01
2.111711711711711E+00 3.220964307415921E-01
2.121671671671671E+00 3.231660311337731E-01
2.131631631631631E+00 3.242356315259541E-01
2.141591591591591E+00 3.253052319181352E-01
2.151551551551551E+00 3.262548031902870E-01
2.161511511511511E+00 3.265538940700232E-01
2.171471471471471E+00 3.268529849497592E-01
2.181431431431431E+00 3.271520758294953E-01
2.191391391391391E+00 3.274511667092312E-01
2.201351351351351E+00 3.277502575889673E-01
2.211311311311311E+00 3.280493484687033E-01
2.221271271271271E+00 3.283484393484394E-01
2.231231231231231E+00 3.286475302281754E-01
2.241191191191191E+00 3.289466211079115E-01
2.251151151151151E+00 3.298090333735496E-01
2.261111111111111E+00 3.349820788530468E-01
2.271071071071071E+00 3.401551243325438E-01
2.281031031031031E+00 3.453281698120408E-01
2.290990990990991E+00 3.505012152915380E-01
2.300950950950951E+00 3.556742607710351E-01
2.310910910910910E+00 3.608473062505320E-01
2.320870870870871E+00 3.660203517300293E-01
2.330830830830831E+00 3.711933972095263E-01
2.340790790790790E+00 3.763664426890233E-01
2.350750750750751E+00 3.813439847472107E-01
2.360710710710710E+00 3.839233515039966E-01
2.370670670670671E+00 3.865027182607829E-01
2.380630630630630E+00 3.890820850175689E-01
2.390590590590590E+00 3.916614517743550E-01
2.400550550550550E+00 3.942408185311412E-01
2.410510510510510E+00 3.968201852879273E-01
2.420470470470470E+00 3.993995520447133E-01
2.430430430430430E+00 4.019789188014996E-01
2.440390390390390E+00 4.045582855582855E-01
2.450350350350350E+00 4.070479893383120E-01
2.460310310310310E+00 4.070783657557852E-01
2.470270270270270E+00 4.071087421732584E-01
2.480230230230230E+00 4.071391185907315E-01
2.490190190190190E+00 4.071694950082047E-01
2.500150150150150E+00 4.071998714256779E-01
2.510110110110110E+00 4.072302478431511E-01
2.520070070070070E+00 4.072606242606243E-01
2.530030030030030E+00 4.072910006780975E-01
2.539989989989990E+00 4.073213770955706E-01
2.549949949949950E+00 4.073517535130438E-01
2.559909909909910E+00 4.086445536445537E-01
2.569869869869870E+00 4.099437296534071E-01
2.579829829829829E+00 4.112429056622605E-01
2.589789789789790E+00 4.125420816711139E-01
2.599749749749749E+00 4.138412576799674E-01
2.609709709709709E+00 4.151404336888208E-01
2.619669669669670E+00 4.164396096976744E-01
2.629629629629629E+00 4.177387857065277E-01
2.639589589589589E+00 4.190379617153810E-01
2.649549549549549E+00 4.203371377242345E-01
2.659509509509509E+00 4.222241743209486E-01
2.669469469469469E+00 4.241390569455086E-01
2.679429429429429E+00 4.260539395700687E-01
2.689389389389389E+00 4.279688221946287E-01
2.699349349349349E+00 4.298837048191887E-01
2.709309309309309E+00 4.317985874437488E-01
2.719269269269269E+00 4.337134700683087E-01
2.729229229229229E+00 4.356283526928689E-01
2.739189189189189E+00 4.375432353174289E-01
2.749149149149149E+00 4.394581179419890E-01
2.759109109109109E+00 4.399262282810670E-01
2.769069069069069E+00 4.402592005495232E-01
2.779029029029029E+00 4.405921728179792E-01
2.788988988988989E+00 4.409251450864354E-01
2.798948948948949E+00 4.412581173548916E-01
2.808908908908909E+00 4.415910896233477E-01
2.818868868868869E+00 4.419240618918038E-01
2.828828828828828E+00 4.422570341602600E-01
2.838788788788789E+00 4.425900064287162E-01
2.848748748748748E+00 4.429229786971723E-01
2.858708708708709E+00 4.436055762507376E-01
2.868668668668668E+00 4.443384073222783E-01
2.878628628628628E+00 4.450712383938191E-01
2.888588588588588E+00 4.458040694653598E-01
2.898548548548548E+00 4.465369005369006E-01
2.908508508508508E+00 4.472697316084412E-01
2.918468468468468E+00 4.480025626799821E-01
2.928428428428428E+00 4.487353937515228E-01
2.938388388388388E+00 4.494682248230636E-01
2.948348348348348E+00 4.502010558946042E-01
2.958308308308308E+00 4.508693209338371E-01
2.968268268268268E+00 4.515247505570087E-01
2.978228228228228E+00 4.521801801801802E-01
2.988188188188188E+00 4.528356098033517E-01
2.998148148148148E+00 4.534910394265234E-01
3.008108108108108E+00 4.541464690496950E-01
3.018068068068068E+00 4.548018986728665E-01
3.028028028028028E+00 4.554573282960380E-01
3.037987987987988E+00 4.561127579192096E-01
3.047947947947948E+00 4.567681875423811E-01
3.057907907907908E+00 4.577958222151771E-01
3.067867867867867E+00 4.589200417426224E-01
3.077827827827828E+00 4.600442612700678E-01
3.087787787787788E+00 4.611684807975132E-01
3.097747747747747E+00 4.622927003249584E-01
3.107707707707708E+00 4.634169198524037E-01
3.117667667667667E+00 4.645411393798492E-01
3.127627627627627E+00 4.656653589072944E-01
3.137587587587587E+00 4.667895784347398E-01
3.147547547547547E+00 4.679137979621850E-01
3.157507507507507E+00 4.688204979172722E-01
3.167467467467467E+00 4.696561414787221E-01
3.177427427427427E+00 4.704917850401721E-01
3.187387387387387E+00 4.713274286016222E-01
3.197347347347347E+00 4.721630721630722E-01
3.207307307307307E+00 4.729987157245221E-01
3.217267267267267E+00 4.738343592859722E-01
3.227227227227227E+00 4.746700028474222E-01
3.237187187187187E+00 4.755056464088723E-01
3.247147147147147E+00 4.763412899703222E-01
3.257107107107107E+00 4.777930217607637E-01
3.267067067067067E+00 4.794920565727018E-01
3.277027027027027E+00 4.811910913846398E-01
3.286986986986987E+00 4.828901261965778E-01
3.296946946946947E+00 4.845891610085159E-01
3.306906906906907E+00 4.862881958204539E-01
3.316866866866866E+00 4.879872306323920E-01
3.326826826826827E+00 4.896862654443301E-01
3.336786786786786E+00 4.913853002562681E-01
3.346746746746747E+00 4.930843350682061E-01
3.356706706706706E+00 4.942450632450633E-01
3.366666666666666E+00 4.951446725317693E-01
3.376626626626626E+00 4.960442818184754E-01
3.386586586586586E+00 4.969438911051814E-01
3.396546546546546E+00 4.978435003918875E-01
3.406506506506506E+00 4.987431096785936E-01
3.416466466466466E+00 4.996427189652996E-01
3.426426426426426E+00 5.005423282520056E-01
3.436386386386386E+00 5.014419375387118E-01
3.446346346346346E+00 5.023415468254178E-01
3.456306306306306E+00 5.031854904758131E-01
3.466266266266266E+00 5.039971834004092E-01
3.476226226226226E+00 5.048088763250054E-01
3.486186186186186E+00 5.056205692496015E-01
3.496146146146146E+00 5.064322621741977E-01
3.506106106106106E+00 5.072439550987938E-01
3.516066066066066E+00 5.080556480233901E-01
3.526026026026026E+00 5.088673409479861E-01
3.535985985985986E+00 5.096790338725823E-01
3.545945945945946E+00 5.104907267971784E-01
3.555905905905905E+00 5.113710044355205E-01
3.565865865865866E+00 5.122983614112646E-01
3.575825825825826E+00 5.132257183870087E-01
3.585785785785785E+00 5.141530753627528E-01
3.595745745745746E+00 5.150804323384969E-01
3.605705705705705E+00 5.160077893142410E-01
3.615665665665665E+00 5.169351462899850E-01
3.625625625625625E+00 5.178625032657291E-01
3.635585585585585E+00 5.187898602414731E-01
3.645545545545545E+00 5.197172172172172E-01
3.655505505505505E+00 5.203179572534410E-01
3.665465465465465E+00 5.206544344931441E-01
3.675425425425425E+00 5.209909117328472E-01
3.685385385385385E+00 5.213273889725504E-01
3.695345345345345E+00 5.216638662122534E-01
3.705305305305305E+00 5.220003434519563E-01
3.715265265265265E+00 5.223368206916594E-01
3.725225225225225E+00 5.226732979313624E-01
3.735185185185185E+00 5.230097751710654E-01
3.745145145145145E+00 5.233462524107685E-01
3.755105105105105E+00 5.236915625302723E-01
3.765065065065065E+00 5.240452725452726E-01
3.775025025025025E+00 5.243989825602728E-01
3.784984984984985E+00 5.247526925752732E-01
3.794944944944945E+00 5.251064025902736E-01
3.804904904904904E+00 5.254601126052739E-01
3.814864864864865E+00 5.258138226202742E-01
3.824824824824824E+00 5.261675326352746E-01
3.834784784784785E+00 5.265212426502749E-01
3.844744744744744E+00 5.268749526652752E-01
3.854704704704704E+00 5.274135396393461E-01
3.864664664664665E+00 5.281586381102510E-01
3.874624624624624E+00 5.289037365811560E-01
3.884584584584584E+00 5.296488350520608E-01
3.894544544544544E+00 5.303939335229658E-01
3.904504504504504E+00 5.311390319938707E-01
3.914464464464464E+00 5.318841304647757E-01
3.924424424424424E+00 5.326292289356805E-01
3.934384384384384E+00 5.333743274065855E-01
3.944344344344344E+00 5.341194258774905E-01
3.954304304304304E+00 5.348544262737811E-01
3.964264264264264E+00 5.355761582697066E-01
3.974224224224224E+00 5.362978902656322E-01
3.984184184184184E+00 5.370196222615576E-01
3.994144144144144E+00 5.377413542574833E-01
4.004104104104104E+00 5.384630862534089E-01
4.014064064064064E+00 5.391848182493343E-01
4.024024024024024E+00 5.399065502452599E-01
4.033983983983984E+00 5.406282822411855E-01
4.043943943943944E+00 5.413500142371109E-01
4.053903903903904E+00 5.419084920697824E-01
4.063863863863864E+00 5.422137166492006E-01
4.073823823823823E+00 5.425189412286185E-01
4.083783783783783E+00 5.428241658080367E-01
4.093743743743744E+00 5.431293903874549E-01
4.103703703703704E+00 5.434346149668731E-01
4.113663663663663E+00 5.437398395462911E-01
4.123623623623623E+00 5.440450641257093E-01
4.133583583583583E+00 5.443502887051275E-01
4.143543543543543E+00 5.446555132845455E-01
4.153503503503504E+00 5.451905718034752E-01
4.163463463463463E+00 5.461491814395041E-01
4.173423423423423E+00 5.471077910755330E-01
4.183383383383383E+00 5.480664007115621E-01
4.193343343343343E+00 5.490250103475909E-01
4.203303303303303E+00 5.499836199836201E-01
4.213263263263263E+00 5.509422296196490E-01
4.223223223223223E+00 5.519008392556780E-01
4.233183183183183E+00 5.528594488917070E-01
4.243143143143143E+00 5.538180585277360E-01
4.253103103103102E+00 5.545210489081457E-01
4.263063063063063E+00 5.546592031914612E-01
4.273023023023023E+00 5.547973574747768E-01
4.282982982982983E+00 5.549355117580924E-01
4.292942942942942E+00 5.550736660414080E-01
4.302902902902902E+00 5.552118203247236E-01
4.312862862862863E+00 5.553499746080391E-01
4.322822822822823E+00 5.554881288913547E-01
4.332782782782783E+00 5.556262831746702E-01
4.342742742742742E+00 5.557644374579858E-01
4.352702702702702E+00 5.559652056748831E-01
4.362662662662662E+00 5.563341038986200E-01
4.372622622622623E+00 5.567030021223570E-01
4.382582582582582E+00 5.570719003460940E-01
4.392542542542542E+00 5.574407985698308E-01
4.402502502502502E+00 5.578096967935678E-01
4.412462462462462E+00 5.581785950173046E-01
4.422422422422422E+00 5.585474932410417E-01
4.432382382382382E+00 5.589163914647786E-01
4.442342342342342E+00 5.592852896885155E-01
4.452302302302302E+00 5.597046225110742E-01
4.462262262262262E+00 5.602917051949311E-01
4.472222222222222E+00 5.608787878787880E-01
4.482182182182182E+00 5.614658705626447E-01
4.492142142142142E+00 5.620529532465017E-01
4.502102102102102E+00 5.626400359303586E-01
4.512062062062062E+00 5.632271186142154E-01
4.522022022022021E+00 5.638142012980722E-01
4.531981981981982E+00 5.644012839819291E-01
4.541941941941942E+00 5.649883666657860E-01
4.551901901901902E+00 5.656738351254481E-01
4.561861861861861E+00 5.667761485826002E-01
4.571821821821821E+00 5.678784620397523E-01
4.581781781781782E+00 5.689807754969045E-01
4.591741741741742E+00 5.700830889540568E-01
4.601701701701701E+00 5.711854024112090E-01
4.611661661661661E+00 5.722877158683611E-01
4.621621621621621E+00 5.733900293255132E-01
4.631581581581581E+00 5.744923427826654E-01
4.641541541541542E+00 5.755946562398175E-01
4.651501501501501E+00 5.766649141810433E-01
4.661461461461461E+00 5.775545927158831E-01
4.671421421421421E+00 5.784442712507228E-01
4.681381381381381E+00 5.793339497855627E-01
4.691341341341341E+00 5.802236283204025E-01
4.701301301301301E+00 5.811133068552423E-01
4.711261261261261E+00 5.820029853900822E-01
4.721221221221221E+00 5.828926639249220E-01
4.731181181181181E+00 5.837823424597618E-01
4.741141141141140E+00 5.846720209946017E-01
4.751101101101101E+00 5.857213753342788E-01
4.761061061061061E+00 5.880553941037813E-01
4.771021021021021E+00 5.903894128732839E-01
4.780980980980980E+00 5.927234316427864E-01
4.790940940940940E+00 5.950574504122892E-01
4.800900900900901E+00 5.973914691817919E-01
4.810860860860861E+00 5.997254879512944E-01
4.820820820820821E+00 6.020595067207971E-01
4.830780780780780E+00 6.043935254902997E-01
4.840740740740740E+00 6.067275442598022E-01
4.850700700700700E+00 6.089085184891637E-01
4.860660660660661E+00 6.090671184380863E-01
4.870620620620620E+00 6.092257183870088E-01
4.880580580580580E+00 6.093843183359313E-01
4.890540540540540E+00 6.095429182848539E-01
4.900500500500500E+00 6.097015182337764E-01
4.910460460460460E+00 6.098601181826988E-01
4.920420420420420E+00 6.100187181316213E-01
4.930380380380380E+00 6.101773180805439E-01
4.940340340340340E+00 6.103359180294665E-01
4.950300300300300E+00 6.105553001682033E-01
4.960260260260260E+00 6.127298427459720E-01
4.970220220220220E+00 6.149043853237404E-01
4.980180180180180E+00 6.170789279015086E-01
4.990140140140140E+00 6.192534704792768E-01
5.000100100100100E+00 6.214280130570453E-01
5.010060060060059E+00 6.236025556348137E-01
5.020020020020020E+00 6.257770982125822E-01
5.029979979979980E+00 6.279516407903506E-01
5.039939939939940E+00 6.301261833681189E-01
5.049899899899899E+00 6.323007259458870E-01
5.059859859859859E+00 6.333325657035332E-01
5.069819819819820E+00 6.343528044173206E-01
5.079779779779780E+00 6.353730431311074E-01
5.089739739739739E+00 6.363932818448947E-01
5.099699699699699E+00 6.374135205586817E-01
5.109659659659659E+00 6.384337592724689E-01
5.119619619619619E+00 6.394539979862559E-01
5.129579579579580E+00 6.404742367000432E-01
5.139539539539539E+00 6.414944754138302E-01
5.149499499499499E+00 6.425147141276174E-01
5.159459459459459E+00 6.432090037251327E-01
5.169419419419419E+00 6.438860473376602E-01
5.179379379379379E+00 6.445630909501878E-01
5.189339339339339E+00 6.452401345627152E-01
5.199299299299299E+00 6.459171781752427E-01
5.209259259259259E+00 6.465942217877702E-01
5.219219219219219E+00 6.472712654002977E-01
5.229179179179178E+00 6.479483090128251E-01
5.239139139139139E+00 6.486253526253527E-01
5.249099099099099E+00 6.493023962378802E-01
5.259059059059059E+00 6.497613317129445E-01
5.269019019019018E+00 6.501985768759962E-01
5.278978978978978E+00 6.506358220390478E-01
5.288938938938939E+00 6.510730672020996E-01
5.298898898898899E+00 6.515103123651510E-01
5.308858858858859E+00 6.519475575282027E-01
5.318818818818818E+00 6.523848026912543E-01
5.328778778778778E+00 6.528220478543060E-01
5.338738738738738E+00 6.532592930173574E-01
5.348698698698699E+00 6.536965381804092E-01
5.358658658658658E+00 6.541165168100652E-01
5.368618618618618E+00 6.545339004693842E-01
5.378578578578578E+00 6.549512841287035E-01
5.388538538538538E+00 6.553686677880227E-01
5.398498498498498E+00 6.557860514473417E-01
5.408458458458458E+00 6.562034351066609E-01
5.418418418418418E+00 6.566208187659801E-01
5.428378378378378E+00 6.570382024252993E-01
5.438338338338338E+00 6.574555860846184E-01
5.448298298298298E+00 6.578729697439376E-01
5.458258258258258E+00 6.582755805659032E-01
5.468218218218218E+00 6.586751472880505E-01
5.478178178178178E+00 6.590747140101979E-01
5.488138138138138E+00 6.594742807323452E-01
5.498098098098097E+00 6.598738474544926E-01
5.508058058058058E+00 6.602734141766401E-01
5.518018018018018E+00 6.606729808987875E-01
5.527977977977978E+00 6.610725476209347E-01
5.537937937937937E+00 6.614721143430821E-01
5.547897897897897E+00 6.618716810652294E-01
5.557857857857858E+00 6.622528129302324E-01
5.567817817817818E+00 6.626290131774004E-01
5.577777777777778E+00 6.630052134245683E-01
5.587737737737737E+00 6.633814136717363E-01
5.597697697697697E+00 6.637576139189044E-01
5.607657657657657E+00 6.641338141660723E-01
5.617617617617618E+00 6.645100144132404E-01
5.627577577577577E+00 6.648862146604082E-01
5.637537537537537E+00 6.652624149075762E-01
5.647497497497497E+00 6.656386151547442E-01
5.657457457457457E+00 6.660043181010923E-01
5.667417417417417E+00 6.663664984632727E-01
5.677377377377377E+00 6.667286788254532E-01
5.687337337337337E+00 6.670908591876334E-01
5.697297297297297E+00 6.674530395498138E-01
5.707257257257257E+00 6.678152199119941E-01
5.717217217217216E+00 6.681774002741745E-01
5.727177177177177E+00 6.685395806363549E-01
5.737137137137137E+00 6.689017609985353E-01
5.747097097097097E+00 6.692639413607155E-01
5.757057057057057E+00 6.696112211918664E-01
5.767017017017016E+00 6.699523717265653E-01
5.776976976976977E+00 6.702935222612644E-01
5.786936936936937E+00 6.706346727959632E-01
5.796896896896897E+00 6.709758233306622E-01
5.806856856856856E+00 6.713169738653610E-01
5.816816816816816E+00 6.716581244000599E-01
5.826776776776776E+00 6.719992749347589E-01
5.836736736736737E+00 6.723404254694577E-01
5.846696696696696E+00 6.726815760041568E-01
5.856656656656656E+00 6.730067193293001E-01
5.866616616616616E+00 6.733239192271451E-01
5.876576576576576E+00 6.736411191249900E-01
5.886536536536537E+00 6.739583190228352E-01
5.896496496496496E+00 6.742755189206803E-01
5.906456456456456E+00 6.745927188185252E-01
5.916416416416416E+00 6.749099187163703E-01
5.926376376376376E+00 6.752271186142154E-01
5.936336336336336E+00 6.755443185120605E-01
5.946296296296296E+00 6.758615184099055E-01
5.956256256256256E+00 6.761695449114804E-01
5.966216216216216E+00 6.764721407624634E-01
5.976176176176176E+00 6.767747366134463E-01
5.986136136136135E+00 6.770773324644291E-01
5.996096096096096E+00 6.773799283154122E-01
6.006056056056056E+00 6.776825241663951E-01
6.016016016016016E+00 6.779851200173781E-01
6.025975975975975E+00 6.782877158683610E-01
6.035935935935935E+00 6.785903117193438E-01
6.045895895895896E+00 6.788929075703269E-01
6.055855855855856E+00 6.791845129587066E-01
6.065815815815816E+00 6.794684156297061E-01
6.075775775775775E+00 6.797523183007054E-01
6.085735735735735E+00 6.800362209717048E-01
6.095695695695695E+00 6.803201236427042E-01
6.105655655655656E+00 6.806040263137038E-01
6.115615615615615E+00 6.808879289847032E-01
6.125575575575575E+00 6.811718316557026E-01
6.135535535535535E+00 6.814557343267020E-01
6.145495495495495E+00 6.817396369977015E-01
6.155455455455455E+00 6.820145805629676E-01
6.165415415415415E+00 6.822821267014816E-01
6.175375375375375E+00 6.825496728399955E-01
6.185335335335335E+00 6.828172189785093E-01
6.195295295295295E+00 6.830847651170232E-01
6.205255255255254E+00 6.833523112555370E-01
6.215215215215215E+00 6.836198573940511E-01
6.225175175175175E+00 6.838874035325648E-01
6.235135135135135E+00 6.841549496710788E-01
6.245095095095095E+00 6.844224958095926E-01
6.255055055055054E+00 6.846801097284969E-01
6.265015015015015E+00 6.849280864442154E-01
6.274974974974975E+00 6.851760631599342E-01
6.284934934934935E+00 6.854240398756528E-01
6.294894894894894E+00 6.856720165913716E-01
6.304854854854854E+00 6.859199933070902E-01
6.314814814814814E+00 6.861679700228086E-01
6.324774774774775E+00 6.864159467385276E-01
6.334734734734734E+00 6.866639234542461E-01
6.344694694694694E+00 6.869119001699647E-01
6.354654654654654E+00 6.871597403855468E-01
6.364614614614614E+00 6.874074250203281E-01
6.374574574574575E+00 6.876551096551097E-01
6.384534534534534E+00 6.879027942898912E-01
6.394494494494494E+00 6.881504789246725E-01
6.404454454454454E+00 6.883981635594539E-01
6.414414414414414E+00 6.886458481942354E-01
6.424374374374374E+00 6.888935328290168E-01
6.434334334334334E+00 6.891412174637982E-01
6.444294294294294E+00 6.893889020985796E-01
6.454254254254254E+00 6.896304735820865E-01
6.464214214214214E+00 6.898638462509430E-01
6.474174174174173E+00 6.900972189197997E-01
6.484134134134134E+00 6.903305915886562E-01
6.494094094094094E+00 6.905639642575128E-01
6.504054054054054E+00 6.907973369263692E-01
6.514014014014013E+00 6.910307095952257E-01
6.523973973973973E+00 6.912640822640824E-01
6.533933933933934E+00 6.914974549329389E-01
6.543893893893894E+00 6.917308276017954E-01
6.553853853853854E+00 6.919573062798869E-01
6.563813813813813E+00 6.921728620115718E-01
6.573773773773773E+00 6.923884177432564E-01
6.583733733733733E+00 6.926039734749412E-01
6.593693693693694E+00 6.928195292066260E-01
6.603653653653653E+00 6.930350849383108E-01
6.613613613613613E+00 6.932506406699955E-01
6.623573573573573E+00 6.934661964016804E-01
6.633533533533533E+00 6.936817521333650E-01
6.643493493493493E+00 6.938973078650498E-01
6.653453453453453E+00 6.941093189964158E-01
6.663413413413413E+00 6.943146518952971E-01
6.673373373373373E+00 6.945199847941784E-01
6.683333333333333E+00 6.947253176930596E-01
6.693293293293292E+00 6.949306505919409E-01
6.703253253253253E+00 6.951359834908223E-01
6.713213213213213E+00 6.953413163897035E-01
6.723173173173173E+00 6.955466492885847E-01
6.733133133133133E+00 6.957519821874660E-01
6.743093093093092E+00 6.959573150863474E-01
6.753053053053053E+00 6.961592457560200E-01
6.763013013013013E+00 6.963534795792859E-01
6.772972972972973E+00 6.965477134025522E-01
6.782932932932932E+00 6.967419472258182E-01
6.792892892892892E+00 6.969361810490843E-01
6.802852852852852E+00 6.971304148723503E-01
6.812812812812813E+00 6.973246486956165E-01
6.822772772772772E+00 6.975188825188825E-01
6.832732732732732E+00 6.977131163421485E-01
6.842692692692692E+00 6.979073501654147E-01
6.852652652652652E+00 6.980990946958689E-01
6.862612612612613E+00 6.982839819291433E-01
6.872572572572572E+00 6.984688691624176E-01
6.882532532532532E+00 6.986537563956918E-01
6.892492492492492E+00 6.988386436289661E-01
6.902452452452452E+00 6.990235308622406E-01
6.912412412412412E+00 6.992084180955149E-01
6.922372372372372E+00 6.993933053287893E-01
6.932332332332332E+00 6.995781925620635E-01
6.942292292292292E+00 6.997630797953380E-01
6.952252252252252E+00 6.999449948482207E-01
6.962212212212211E+00 7.001167384393192E-01
6.972172172172172E+00 7.002884820304175E-01
6.982132132132132E+00 7.004602256215161E-01
6.992092092092092E+00 7.006319692126145E-01
7.002052052052052E+00 7.008037128037129E-01
7.012012012012011E+00 7.009754563948113E-01
7.021971971971972E+00 7.011471999859097E-01
7.031931931931932E+00 7.013189435770082E-01
7.041891891891892E+00 7.014906871681065E-01
7.051851851851851E+00 7.016618876941458E-01
7.061811811811811E+00 7.018307104758719E-01
7.071771771771771E+00 7.019995332575978E-01
7.081731731731732E+00 7.021683560393239E-01
7.091691691691691E+00 7.023371788210498E-01
7.101651651651651E+00 7.025060016027759E-01
7.111611611611611E+00 7.026748243845018E-01
7.121571571571571E+00 7.028436471662279E-01
7.131531531531532E+00 7.030124699479539E-01
7.141491491491491E+00 7.031812927296799E-01
7.151451451451451E+00 7.033473062505321E-01
7.161411411411411E+00 7.034968516904001E-01
7.171371371371371E+00 7.036463971302681E-01
7.181331331331331E+00 7.037959425701361E-01
7.191291291291291E+00 7.039454880100042E-01
7.201251251251251E+00 7.040950334498721E-01
7.211211211211211E+00 7.042445788897402E-01
7.221171171171171E+00 7.043941243296081E-01
7.231131131131130E+00 7.045436697694764E-01
7.241091091091091E+00 7.046932152093444E-01
7.251051051051051E+00 7.048425448909320E-01
7.261011011011011E+00 7.049900457642392E-01
7.270970970970970E+00 7.051375466375466E-01
7.280930930930930E+00 7.052850475108540E-01
7.290890890890890E+00 7.054325483841614E-01
7.300850850850851E+00 7.055800492574686E-01
7.310810810810811E+00 7.057275501307759E-01
7.320770770770770E+00 7.058750510040834E-01
7.330730730730730E+00 7.060225518773906E-01
7.340690690690690E+00 7.061700527506979E-01
7.350650650650651E+00 7.063166186714573E-01
7.360610610610610E+00 7.064498075788399E-01
7.370570570570570E+00 7.065829964862222E-01
7.380530530530530E+00 7.067161853936047E-01
7.390490490490490E+00 7.068493743009872E-01
7.400450450450450E+00 7.069825632083696E-01
7.410410410410410E+00 7.071157521157522E-01
7.420370370370370E+00 7.072489410231347E-01
7.430330330330330E+00 7.073821299305170E-01
7.440290290290290E+00 7.075153188378994E-01
7.450250250250249E+00 7.076483169386395E-01
7.460210210210210E+00 7.077739117416537E-01
7.470170170170170E+00 7.078995065446678E-01
7.480130130130130E+00 7.080251013476819E-01
7.490090090090090E+00 7.081506961506961E-01
7.500050050050049E+00 7.082762909537103E-01
7.510010010010010E+00 7.084018857567244E-01
7.519969969969970E+00 7.085274805597386E-01
7.529929929929930E+00 7.086530753627529E-01
7.539889889889889E+00 7.087786701657669E-01
7.549849849849849E+00 7.089042649687810E-01
7.559809809809809E+00 7.090321611934515E-01
7.569769769769770E+00 7.091600926439635E-01
7.579729729729729E+00 7.092880240944757E-01
7.589689689689689E+00 7.094159555449876E-01
7.599649649649649E+00 7.095438869955000E-01
7.609609609609609E+00 7.096718184460118E-01
7.619569569569570E+00 7.097997498965242E-01
7.629529529529529E+00 7.099276813470362E-01
7.639489489489489E+00 7.100556127975483E-01
7.649449449449449E+00 7.101835442480602E-01
7.659409409409409E+00 7.103031976257782E-01
7.669369369369369E+00 7.104223666481730E-01
7.679329329329329E+00 7.105415356705680E-01
7.689289289289289E+00 7.106607046929627E-01
7.699249249249249E+00 7.107798737153576E-01
7.709209209209209E+00 7.108990427377525E-01
7.719169169169168E+00 7.110182117601473E-01
7.729129129129129E+00 7.111373807825420E-01
7.739089089089089E+00 7.112565498049370E-01
7.749049049049049E+00 7.113757188273317E-01
7.759009009009008E+00 7.114893397796624E-01
7.768968968968968E+00 7.116023751023751E-01
7.778928928928928E+00 7.117154104250878E-01
7.788888888888889E+00 7.118284457478007E-01
7.798848848848849E+00 7.119414810705132E-01
7.808808808808808E+00 7.120545163932260E-01
7.818768768768768E+00 7.121675517159388E-01
7.828728728728728E+00 7.122805870386516E-01
7.838688688688689E+00 7.123936223613642E-01
7.848648648648648E+00 7.125066576840771E-01
7.858608608608608E+00 7.126131292582907E-01
7.868568568568568E+00 7.127185704766350E-01
7.878528528528528E+00 7.128240116949794E-01
7.888488488488488E+00 7.129294529133239E-01
7.898448448448448E+00 7.130348941316683E-01
7.908408408408408E+00 7.131403353500129E-01
7.918368368368368E+00 7.132457765683572E-01
7.928328328328328E+00 7.133512177867016E-01
7.938288288288287E+00 7.134566590050462E-01
7.948248248248248E+00 7.135621002233906E-01
7.958208208208208E+00 7.136591165946005E-01
7.968168168168168E+00 7.137543349801414E-01
7.978128128128128E+00 7.138495533656825E-01
7.988088088088087E+00 7.139447717512233E-01
7.998048048048048E+00 7.140399901367644E-01
8.008008008008009E+00 7.141352085223054E-01
8.017967967967968E+00 7.142304269078463E-01
8.027927927927928E+00 7.143256452933873E-01
8.037887887887887E+00 7.144208636789282E-01
8.047847847847848E+00 7.145160820644693E-01
8.057807807807809E+00 7.146083238663885E-01
8.067767767767767E+00 7.146997451997453E-01
8.077727727727728E+00 7.147911665331020E-01
8.087687687687689E+00 7.148825878664590E-01
8.097647647647648E+00 7.149740091998158E-01
8.107607607607608E+00 7.150654305331725E-01
8.117567567567567E+00 7.151568518665294E-01
8.127527527527528E+00 7.152482731998863E-01
8.137487487487489E+00 7.153396945332430E-01
8.147447447447448E+00 7.154311158665998E-01
8.157407407407408E+00 7.155188443575542E-01
8.167367367367367E+00 7.156053003149777E-01
8.177327327327328E+00 7.156917562724014E-01
8.187287287287287E+00 7.157782122298253E-01
8.197247247247248E+00 7.158646681872490E-01
8.207207207207208E+00 7.159511241446725E-01
8.217167167167167E+00 7.160375801020962E-01
8.227127127127128E+00 7.161240360595199E-01
8.237087087087087E+00 7.162104920169436E-01
8.247047047047047E+00 7.162969479743674E-01
8.257007007007008E+00 7.163829929636382E-01
8.266966966966967E+00 7.164688647591874E-01
8.276926926926928E+00 7.165547365547367E-01
8.286886886886887E+00 7.166406083502858E-01
8.296846846846847E+00 7.167264801458351E-01
8.306806806806808E+00 7.168123519413843E-01
8.316766766766767E+00 7.168982237369335E-01
8.326726726726728E+00 7.169840955324828E-01
8.336686686686686E+00 7.170699673280319E-01
8.346646646646647E+00 7.171558391235812E-01
8.356606606606608E+00 7.172322175547982E-01
8.366566566566567E+00 7.173037773844226E-01
8.376526526526527E+00 7.173753372140470E-01
8.386486486486486E+00 7.174468970436713E-01
8.396446446446447E+00 7.175184568732955E-01
8.406406406406408E+00 7.175900167029200E-01
8.416366366366367E+00 7.176615765325443E-01
8.426326326326327E+00 7.177331363621686E-01
8.436286286286286E+00 7.178046961917930E-01
8.446246246246247E+00 7.178762560214174E-01
8.456206206206206E+00 7.179485438517696E-01
8.466166166166166E+00 7.180212720051430E-01
8.476126126126127E+00 7.180940001585162E-01
8.486086086086086E+00 7.181667283118894E-01
8.496046046046047E+00 7.182394564652629E-01
8.506006006006006E+00 7.183121846186362E-01
8.515965965965966E+00 7.183849127720097E-01
8.525925925925927E+00 7.184576409253830E-01
8.535885885885886E+00 7.185303690787561E-01
8.545845845845847E+00 7.186030972321296E-01
8.555805805805806E+00 7.186785495172592E-01
8.565765765765766E+00 7.187559509656284E-01
8.575725725725727E+00 7.188333524139976E-01
8.585685685685686E+00 7.189107538623668E-01
8.595645645645646E+00 7.189881553107359E-01
8.605605605605605E+00 7.190655567591052E-01
8.615565565565566E+00 7.191429582074744E-01
8.625525525525527E+00 7.192203596558436E-01
8.635485485485486E+00 7.192977611042126E-01
8.645445445445446E+00 7.193751625525820E-01
8.655405405405405E+00 7.194471744471744E-01
8.665365365365366E+00 7.195146451436775E-01
8.675325325325325E+00 7.195821158401804E-01
8.685285285285286E+00 7.196495865366834E-01
8.695245245245246E+00 7.197170572331864E-01
8.705205205205205E+00 7.197845279296893E-01
8.715165165165166E+00 7.198519986261922E-01
8.725125125125125E+00 7.199194693226952E-01
8.735085085085085E+00 7.199869400191982E-01
8.745045045045046E+00 7.200544107157011E-01
8.755005005005005E+00 7.201179185050152E-01
8.764964964964966E+00 7.201775030162126E-01
8.774924924924925E+00 7.202370875274101E-01
8.784884884884885E+00 7.202966720386075E-01
8.794844844844846E+00 7.203562565498050E-01
8.804804804804805E+00 7.204158410610023E-01
8.814764764764766E+00 7.204754255721998E-01
8.824724724724724E+00 7.205350100833973E-01
8.834684684684685E+00 7.205945945945946E-01
8.844644644644646E+00 7.206541791057919E-01
8.854604604604605E+00 7.207129534226309E-01
8.864564564564565E+00 7.207707854482048E-01
8.874524524524524E+00 7.208286174737787E-01
8.884484484484485E+00 7.208864494993528E-01
8.894444444444446E+00 7.209442815249266E-01
8.904404404404405E+00 7.210021135505006E-01
8.914364364364365E+00 7.210599455760746E-01
8.924324324324324E+00 7.211177776016485E-01
8.934284284284285E+00 7.211756096272226E-01
8.944244244244244E+00 7.212334416527965E-01
8.954204204204204E+00 7.212931230350585E-01
8.964164164164165E+00 7.213553362746912E-01
8.974124124124124E+00 7.214175495143238E-01
8.984084084084085E+00 7.214797627539563E-01
8.994044044044044E+00 7.215419759935889E-01
9.004004004004004E+00 7.216041892332216E-01
9.013963963963965E+00 7.216664024728542E-01
9.023923923923924E+00 7.217286157124867E-01
9.033883883883885E+00 7.217908289521193E-01
9.043843843843844E+00 7.218530421917518E-01
9.053803803803804E+00 7.219110165884360E-01
9.063763763763765E+00 7.219621307524534E-01
9.073723723723724E+00 7.220132449164708E-01
9.083683683683685E+00 7.220643590804882E-01
9.093643643643643E+00 7.221154732445055E-01
9.103603603603604E+00 7.221665874085229E-01
9.113563563563565E+00 7.222177015725403E-01
9.123523523523524E+00 7.222688157365577E-01
9.133483483483484E+00 7.223199299005750E-01
9.143443443443443E+00 7.223710440645925E-01
9.153403403403404E+00 7.224222580351612E-01
9.163363363363363E+00 7.224736642801161E-01
9.173323323323324E+00 7.225250705250705E-01
9.183283283283284E+00 7.225764767700252E-01
9.193243243243243E+00 7.226278830149798E-01
9.203203203203204E+00 7.226792892599344E-01
9.213163163163163E+00 7.227306955048892E-01
9.223123123123123E+00 7.227821017498436E-01
9.233083083083084E+00 7.228335079947984E-01
9.243043043043043E+00 7.228849142397530E-01
9.253003003003004E+00 7.229341188696028E-01
9.262962962962963E+00 7.229782230911265E-01
9.272922922922923E+00 7.230223273126499E-01
9.282882882882884E+00 7.230664315341735E-01
9.292842842842843E+00 7.231105357556971E-01
9.302802802802804E+00 7.231546399772205E-01
9.312762762762762E+00 7.231987441987442E-01
9.322722722722723E+00 7.232428484202678E-01
9.332682682682684E+00 7.232869526417914E-01
9.342642642642643E+00 7.233310568633150E-01
9.352602602602603E+00 7.233746268262398E-01
9.362562562562562E+00 7.234166864812026E-01
9.372522522522523E+00 7.234587461361656E-01
9.382482482482484E+00 7.235008057911284E-01
9.392442442442443E+00 7.235428654460913E-01
9.402402402402403E+00 7.235849251010541E-01
9.412362362362362E+00 7.236269847560169E-01
9.422322322322323E+00 7.236690444109798E-01
9.432282282282282E+00 7.237111040659427E-01
9.442242242242243E+00 7.237531637209056E-01
9.452202202202203E+00 7.237959337636757E-01
9.462162162162162E+00 7.238412063089482E-01
9.472122122122123E+00 7.238864788542207E-01
9.482082082082082E+00 7.239317513994933E-01
9.492042042042042E+00 7.239770239447658E-01
9.502002002002003E+00 7.240222964900385E-01
9.511961961961962E+00 7.240675690353111E-01
9.521921921921923E+00 7.241128415805835E-01
9.531881881881882E+00 7.241581141258561E-01
9.541841841841842E+00 7.242033866711286E-01
9.551801801801803E+00 7.242473910861009E-01
9.561761761761762E+00 7.242856536888794E-01
9.571721721721723E+00 7.243239162916583E-01
9.581681681681681E+00 7.243621788944370E-01
9.591641641641642E+00 7.244004414972158E-01
9.601601601601603E+00 7.244387040999946E-01
9.611561561561562E+00 7.244769667027732E-01
9.621521521521522E+00 7.245152293055519E-01
9.631481481481481E+00 7.245534919083305E-01
9.641441441441442E+00 7.245917545111092E-01
9.651401401401401E+00 7.246309212438244E-01
9.661361361361362E+00 7.246756096272226E-01
9.671321321321322E+00 7.247202980106205E-01
9.681281281281281E+00 7.247649863940187E-01
9.691241241241242E+00 7.248096747774168E-01
9.701201201201201E+00 7.248543631608146E-01
9.711161161161161E+00 7.248990515442129E-01
9.721121121121122E+00 7.249437399276107E-01
9.731081081081081E+00 7.249884283110091E-01
9.741041041041042E+00 7.250331166944071E-01
9.751001001001001E+00 7.250763960441381E-01
9.760960960960961E+00 7.251070645425484E-01
9.770920920920922E+00 7.251377330409589E-01
9.780880880880881E+00 7.251684015393692E-01
9.790840840840842E+00 7.251990700377796E-01
9.800800800800801E+00 7.252297385361902E-01
9.810760760760761E+00 7.252604070346005E-01
9.820720720720722E+00 7.252910755330112E-01
9.830680680680681E+00 7.253217440314215E-01
9.840640640640641E+00 7.253524125298318E-01
9.850600600600600E+00 7.253831514799257E-01
9.860560560560561E+00 7.254149883020851E-01
9.870520520520522E+00 7.254468251242445E-01
9.880480480480481E+00 7.254786619464039E-01
9.890440440440441E+00 7.255104987685632E-01
9.900400400400400E+00 7.255423355907227E-01
9.910360360360361E+00 7.255741724128821E-01
9.920320320320320E+00 7.256060092350415E-01
9.930280280280281E+00 7.256378460572008E-01
9.940240240240241E+00 7.256696828793603E-01
9.950200200200200E+00 7.257014022820474E-01
9.960160160160161E+00 7.257273974854620E-01
9.970120120120120E+00 7.257533926888764E-01
9.980080080080080E+00 7.257793878922912E-01
9.990040040040041E+00 7.258053830957056E-01
1.000000000000000E+01 7.258313782991203E-01
